0.00075 0.00075 0.00075 0.0001100799559921
0.00110044113813427 0.000752633764609051 0.000746712421105274 0.000240386499161383
0.00107389696274887 0.000743650415621061 0.000323806227144754 0.000183447127036568
0.000868538816761251 0.000541587316528907 0.000412608028931378 0.000118027953424069
0.001016811549456 0.000375279539304694 0.000331221403528986 0.000119178418371499
0.00120167555154364 0.00029538256916307 0.000564015271831607 0.000188638426887117
0.000870498054252762 0.000278880019369429 0.000689498283122289 0.000165899095787307
0.00105418175212405 0.000144265077261888 0.000784987007670485 8.10401275412831e-05
0.000855550910332105 0.000116787544980449 0.000461752192497057 0.00011403959242853
0.000860186566689393 0.000126796157410147 0.000227090812097729 0.000120880873013605
0.000541537936460872 0.000351844196059193 0.000530748258600855 0.000206579226351345
0.000623848576557076 0.000478100069275002 0.000822906785022601 0.000122164125757043
0.000818171047036678 0.000426701271149984 0.0011061994727051 0.00022519419914156
0.000276433310361738 0.000556365601809637 0.00095138637532544 0.000256425184568661
0.000283564240759989 0.000813789391552494 0.00126180411103031 0.00014690721970114
0.000376517975146765 0.00113339679793445 0.00128934623107421 0.000187080593440534
0.000475270467351914 0.00125664046574078 0.000890156822654396 0.000242213292103678
0.000232147844964269 0.000989358505678145 0.000765007304477211 0.000140161730082072
0.000230739728760639 0.000989961073153649 0.000987676342104551 8.25125751188005e-05
0.000340708801473064 0.00103559806981472 0.000481524450727477 0.000166898698725904
0.000626730023776526 0.00110171124172792 0.000400760797594559 0.000137571100721864
0.000826877861100291 0.00118338238701961 0.00018516033643159 0.000167736762937626
0.00042948284711692 0.00111880862521792 0.000171565226477958 0.000165297483059707
0.00024156435682402 0.000840856409214433 0.000181074421209076 0.000170352957368494
0.000676699050829799 0.00101753075743763 0.000632941664410784 0.000114403526007756
0.000152589900411765 0.00075668084782697 0.000476193104431666 0.000149173279763587
0.000809015088079057 0.00107661038930843 0.000748665622274606 7.10418056644199e-05
0.000923532693261597 0.00119765597580857 0.00068271436286009 0.000108167246914594
0.000915851116692016 0.00120616883670991 0.000938287656213504 0.000147663133796591
0.000888763097466191 0.0012916748735282 0.001151021039964 8.3205953956371e-05
0.000819881889914173 0.00138004106087245 0.00131891965819554 0.000118643370599457
0.00101959221766161 0.00137004737471853 0.00134263337860903 8.27180688763747e-05
0.00121360940728544 0.00116223445373166 0.0012907766770744 0.000206276736427586
0.00125711583208451 0.00116184601876206 0.000954660980289861 0.000132643197340673
0.000515633782101361 0.0013453148425629 0.000230514165576306 8.4105859972109e-05
0.00126490071625775 0.00118055797949297 0.000756243498830525 6.68066430820569e-05
0.00129418917865861 0.00126788149631585 0.000546187824409229 0.000162554637383296
0.000702653116037939 0.00122899627219032 0.00119827957594599 0.000107434366158795
0.00129438043512632 0.00125922926539574 0.000197130845611758 0.000186609610680777
0.00071875809093463 0.00106611741287799 0.00109482694651137 8.61924387114057e-05
0.000632213186046761 0.000903047665431108 0.00114510385598101 0.000105143733300733
0.000601522858423664 0.000911316535899335 0.000939609324642721 0.000102794413364026
0.00058636525541945 0.000717065077790902 0.00089444228991049 9.72141937822376e-05
0.000794095891588782 0.00103940790143021 0.00127754480132875 0.000113244259712552
0.00113114264120089 0.00117157995159279 0.00040657303077559 7.27121292760896e-05
0.000896427737498596 0.000779602180208027 0.00127762002516393 0.000165988304874234
0.000488121563653558 0.000775590863174109 0.000716468224445662 0.000114332156941644
0.000842897095528182 0.00132665725036966 0.000486560892162132 0.000140065733422563
0.000510786565873357 0.000782080094979571 0.000489450022021545 0.000113906920972122
0.000349740388788203 0.00137869532081742 0.000244868769054214 8.57203126705752e-05
0.000167510602872341 0.00128961849681764 0.000376605745441543 0.000156141231185626
0.000135444281440871 0.00124081788332368 0.000627289178635386 0.000101253276380843
0.000144682213080877 0.00138401063000282 0.000158904605346142 8.22382909771577e-05
0.000550427577080908 0.00068991278180739 0.000245791343617635 0.000149599767649773
0.000746937708305357 0.000726453939996155 0.000104907773638314 9.49399391582315e-05
0.000579946073805536 0.00136614261172623 0.000481249036308679 0.000125886422799284
0.000788857984848837 0.000899655827884593 0.000119403421130412 8.38513563508507e-05
0.000954111319302161 0.00116865090907648 0.000451231059781752 5.63593273882518e-05
0.000633896020745623 0.000923794502115444 0.000209564231115422 9.70487751292057e-05
0.000157119080252489 0.00128870275705418 0.000786659171647819 6.65607656671719e-05
0.0002909665439126 0.001268348152095 0.000613380937347449 5.7298068610833e-05
0.000834814901211696 0.000824696546628462 0.000241920343822754 6.69509259727927e-05
0.000153135469086845 0.00127402662289258 0.000925051306742524 7.26643797912531e-05
0.00018226895587065 0.00138855275068478 0.00104990075986416 9.92436768670367e-05
0.000580735901390085 0.000536647203390747 8.30927151947667e-05 7.59656901235769e-05
0.00113476961216044 0.000637740950340503 0.00112371622338763 0.000151214844476534
0.00114356805830519 0.000649491940886853 0.00135761073509917 8.31398888705061e-05
0.00130575614441404 0.000361780594687179 0.00101411437135376 0.000191426481217954
0.00040510079385609 0.000466904322647887 0.000137162477264737 0.000120592951464865
0.000271464424837223 0.000349347080712017 0.000319584546937856 0.000134272102553804
0.000219019890819246 0.000369284535455269 0.000105736294874859 8.68138675130476e-05
0.000216951158321655 0.00030306088302137 0.000557316809851677 0.000113983284402816
0.000760632982434372 0.000799074671532101 0.000416453896014166 0.00012441625616012
0.000194086957156597 0.000195325446480123 0.000169108401726118 9.45356914435022e-05
0.00106871598237918 0.000362708273472866 0.000866694724999773 8.77176592123533e-05
0.000118418284054603 0.000127451115190399 0.00057025054727734 8.77958013141385e-05
0.000198519950476511 9.55529620854116e-05 0.000449478169618059 6.0594684703503e-05
0.00124883987801017 0.00139140862112415 0.00112429487731379 7.91670841729976e-05
0.00119722023164882 0.000415118653161506 0.00132529864265347 0.000142430739081264
0.000137966818697526 0.000178626317731455 0.000777883725520522 0.000126942605286005
0.000377504621096151 0.000211949316770451 0.000826940487301476 0.000119827220501811
0.000510842533732405 0.000109550046571312 0.000974351564011866 0.000103767580467322
0.000516037961552368 0.000111998297965156 0.00114798783296558 6.99636496016694e-05
0.000631704019368753 0.000230633515351787 0.000911683085247847 7.8430233330577e-05
0.000441691210388241 0.000273307643182395 0.000209101964358304 8.24432767627105e-05
0.000519622780548829 0.000270546500529041 0.0013176835525591 0.000162301329919222
0.00053759241532499 0.000113756629061485 0.00083059360221221 4.25184512727429e-05
0.00125333942977036 0.00139109582984617 0.000959799619486748 8.53899990899566e-05
0.000232834668955881 0.000227901663447363 0.00126530698747538 0.000132332863023047
0.000751344564352508 0.000479406666636805 0.00016641877915179 0.000122344742935995
0.00109093334806816 0.000229875391348667 0.00123214051271113 9.05722755831453e-05
0.000586289231199823 0.00035145587445604 0.000229212654645571 8.31471019966123e-05
0.000999226255885069 0.00106819644482172 0.000348299822941214 9.43765223924629e-05
0.000564141960321707 0.000460425313473916 0.00141059481979168 5.37274287027938e-05
0.00122362761603763 0.00136625187594636 0.000798795845959374 8.02065860521237e-05
0.000182308286359453 9.03425721158867e-05 0.00111793453479047 7.54989409834272e-05
0.000610906929944469 0.000252175019625772 9.44123585679376e-05 8.60682609286509e-05
0.00113305500089695 0.00125516825844963 0.000730000996666318 7.87767463410351e-05
8.32051097428912e-05 0.000205345788231562 0.00108603129324317 7.96300252145967e-05
0.000111282958937592 0.000465700518879349 0.00057270746281067 8.05785096668065e-05
0.00123153234115618 0.000102749566623435 0.00124007602880974 9.91433657993921e-05
0.00106628521646008 0.000197177885760293 0.00105418121434528 9.20370591682232e-05
0.000878176718833211 0.000621597123567841 0.000184475336451254 6.9046376800482e-05
0.0006529887216503 0.000721564388149336 0.00120864490241273 8.82606808013879e-05
0.00138510995961222 0.00141906348821436 0.000920717581020672 5.48707159377039e-05
0.000106207425984697 0.000464596996658187 0.000420268627734701 7.19487903006649e-05
0.000527722899129644 0.000773945739801845 0.00136183919220393 0.000116443551488401
0.00137909697572538 0.000260986936455593 0.00129679826494595 9.76692560459166e-05
0.00065713784727207 8.53781687931563e-05 0.000841803012815204 8.08594162427938e-05
0.00140859915942042 0.00134316735647628 0.000836458550605388 6.09375287038523e-05
0.0013128760121712 0.000705172800646302 0.0012109646689503 5.82636398925299e-05
0.000103600303748915 0.00118790014143522 0.00106503550314696 9.89953960919648e-05
0.00126687136995177 0.000465208595292845 0.000769486921969452 7.69984915147226e-05
0.000100870548286136 0.00119167643553135 0.00122947999396325 6.55150975606148e-05
0.00141559456807685 0.00121763416503252 0.000838888018785187 6.4813893602067e-05
0.00133982002426833 0.000560591941975207 0.000707383066737155 5.81916628074e-05
0.00104457053042166 0.00135647909300484 0.000347160319416489 0.0001069039738731
8.74575095762466e-05 0.000370223806749099 0.00133560586199735 8.29159295458024e-05
0.000165413282078877 0.000543300152453086 0.000200572043831602 0.000116782901008688
0.00135765711989303 0.000593268220310038 0.00130835776695872 9.66989305840492e-05
0.000257891167521245 8.85435675434787e-05 0.000976310350534574 8.50420752968927e-05
0.000635198566782702 0.000105943642841251 0.000673671177798121 8.99404218643474e-05
0.00126333452678206 0.000853670874850094 0.00118366599120244 0.000100642793657463
0.000934847629976889 0.0009652044492314 0.000517020566851426 0.000113514429924171
0.00105486116170374 0.00101505238428884 0.000198514331319063 7.40135824708128e-05
0.00127426568196723 0.000919635085997013 0.00100734278736633 8.7932495065502e-05
0.00109540275193221 0.000979012565723658 7.26518457181365e-05 6.30406197343996e-05
0.000575166029350474 0.000586579927184436 0.00127808779135455 8.23250482716053e-05
0.00141526887823611 0.000517669945565329 0.00140554301935907 3.92392433329094e-05
0.000963877575590052 7.8712906687515e-05 0.00107404255639295 6.58101742038329e-05
0.000954824614156079 0.000121712636195257 0.00133669393251878 0.000112297600551782
0.000281818205076418 0.000462848190592421 0.00136253497925916 0.000126612188705507
0.000119578325612411 0.00101286801445761 0.0011790043410963 0.000110481186562276
0.00126962218640458 0.000843259083626585 0.00137496265120584 9.10401533891267e-05
0.001117845426053 0.00109226134327331 0.000762861448123993 8.81058574533767e-05
0.000158928479126536 0.000999784275229348 7.07449559029043e-05 4.00260952808472e-05
0.000446230240117203 0.000661936179646385 0.00124265361793755 6.62923129508098e-05
0.000360257988006679 0.00135319971131487 8.50319306032555e-05 7.64785187778196e-05
0.000151756200930478 0.00133582638038122 0.00129556586185969 0.00010102588292433
0.00136543768374644 0.000654537401149666 0.00109450254040192 7.91776216957809e-05
0.000113048127054994 0.000308592542839082 0.000201860790364875 4.85357804276244e-05
0.000278332729069982 0.000140132320434414 0.000325543532003819 7.51401679177824e-05
9.76052920933471e-05 0.0011025620027148 9.00543368907381e-05 8.12036318041976e-05
0.00114259691614919 0.000867411324324065 0.00133907630722499 4.31484441088622e-05
0.000109984199390315 0.000552014370600981 0.00130754872708438 7.46364661860958e-05
0.00112979338221943 0.00106929931303299 0.000588899380413152 8.77713994377399e-05
0.00111380596430278 0.00132491020063274 0.00105393476116131 8.6985688069833e-05
0.000406800113538002 0.000130723433986878 0.000156853212171566 7.33693589777681e-05
0.000807419218469301 0.000340685471231927 0.000302820650863209 8.0123544692599e-05
0.001344991517472 0.000723735146141296 0.000960019011816516 7.34401789961116e-05
9.99175194407148e-05 0.00103998112809392 0.00135943609258244 7.30325327470254e-05
0.0001186986383437 0.00110772596537326 0.000240515026780344 7.08161529885436e-05
0.00142030312192361 0.00096473108227631 0.000960246643629456 7.20007081923564e-05
0.000932948173236808 9.45943845684361e-05 0.000925324420478305 8.69181244822226e-05
0.00135900660579317 0.000582826485982683 0.00052853463178157 0.00012305199237504
0.000491652703358759 0.000111613049524439 0.000314659952813594 0.00010681980880335
0.00109137697156044 0.000934300035224684 0.00106743542152709 0.000105133467264709
0.000240394773283242 0.00132843850098565 5.48920463596689e-05 4.95719489048585e-05
0.00135625952416068 0.000558806095542706 0.000332059614806142 7.49049673659076e-05
0.000187240902993517 0.00114695735589618 0.000924121195597001 5.89055420895015e-05
0.001333512245925 0.000570646689198538 0.000140325691417678 0.000118536330456422
0.000144424944878803 0.000186475052783501 0.000352462648511151 6.90943021027567e-05
0.000319322973604211 0.00138884668008534 0.00114381661137983 6.69010712814249e-05
0.00139193611297564 0.000953275721819698 0.000800338841482598 9.08072082837276e-05
0.000673622853010951 0.000886255159746207 0.00139292571642828 7.0282382273242e-05
0.00103804568744924 0.00108979496174594 6.86509178608259e-05 6.17735603024045e-05
0.00134202754624561 0.00102393354959698 0.000298896241080017 7.41403016606814e-05
0.000104739442119813 0.000407545200687941 0.000742867646497664 5.19680002682436e-05
0.00139561556380442 0.000616033824591831 0.000844039261260945 9.27334388543192e-05
0.000863435493520056 0.000971589196752384 0.00067587398581103 6.07694389489733e-05
0.00135877291310529 0.000849007119531542 0.000375901089666443 0.000117717484088351
0.000704290871160705 0.0007122163018208 0.00104101761599529 8.72904639230736e-05
0.00104293162941913 0.00139652998433605 0.000160666810044694 8.38487166209734e-05
0.000585995482046721 0.000969961937191783 0.00132129211037815 7.04896115613657e-05
0.000720847486162692 0.000214909382809375 0.000338164406802382 7.66038311462526e-05
0.00138031197584791 0.000965598932876464 0.000574384024328012 0.000113481688736198
0.00134747000429789 0.00106672018357631 0.000423893717352924 5.80893677464844e-05
0.000720528482613516 0.000189191432497364 0.00136178151233866 5.88917492520382e-05
0.00136250290113873 0.000870459499365208 0.000141020487002812 0.00011817023267301
0.000816280210432193 0.000261823090893682 0.00141345946705347 7.19301227157919e-05
0.00118268217274962 0.00103248726628004 0.000320054890451761 8.68311323482959e-05
6.40021122987706e-05 0.000272635742221014 0.00035334141643786 4.87711662822305e-05
0.00126168830295947 0.000389206437420218 0.000230241221619068 9.63218700384455e-05
0.000938361919895513 0.00093308871749514 0.000988449930326701 6.7069265427974e-05
0.000186040024725104 0.00107960393336704 0.00143581213388275 4.87063365547586e-05
0.000776317869645379 0.000885802558130113 0.00103616583310275 7.63254001338678e-05
0.000545339543662049 0.000182378176240939 0.000790857438492902 3.71552422647134e-05
0.000940275605036953 0.000979660238391149 0.000867674100296993 6.2388719527581e-05
0.000828103403314495 0.000114946754228424 0.00106188269891344 7.52408084182399e-05
0.00138310179848051 0.00080037643310662 0.00128306924967739 6.11470383090896e-05
0.000727532616583838 0.000138329667774148 0.00121672230696075 9.49853122883522e-05
0.00107491789051705 0.00139814773011459 0.000898165761496585 8.94796038827756e-05
0.000304322353148303 0.00141040014540623 0.000628752243883895 8.62060202113113e-05
0.000700683415402664 0.000127813425305332 0.000416514847345604 4.22704179427671e-05
0.00115415219428483 0.00043733982610498 0.000106494317017807 7.45410404294399e-05
8.13507375619661e-05 0.0011300177224185 0.000856926305356352 6.76441777518796e-05
0.00103628808024222 0.00126393794200562 0.000162210244241538 4.89186311123468e-05
0.00102769799337781 0.00086774272832392 6.73805547858355e-05 6.73154217595312e-05
0.000434923930196078 0.0013130317028817 0.000377083275607831 6.04001748876128e-05
0.0013153070425118 0.00105532623280446 7.32548436257657e-05 5.28891021855388e-05
0.000858657260676562 0.000709786765763318 0.00104260125543477 6.71031653868503e-05
0.00135123056878566 0.000251065568648786 0.000322465645869666 9.23738146566924e-05
0.00124515535908141 0.00015489734350495 0.000142889266378962 0.000137295412084952
0.000704806091363772 0.00142663891602794 0.000372167633049514 5.06031784688828e-05
0.00115275937551347 0.000991442025579447 0.000478710244392048 4.90892587321026e-05
0.000717736558669793 0.00139053381488972 0.000104114868379842 8.00371377391368e-05
0.00045090603857595 0.000289931362876235 0.00108563873739611 8.04795584546644e-05
6.57611680213503e-05 0.00043869519986887 0.000113782710488263 5.1755309268571e-05
0.0014040988992113 0.00098953758065661 0.00110465218925343 7.54133372801101e-05
0.00104465306469379 0.000252545895420756 0.000156022685858088 8.61075790614691e-05
0.000936933977133069 0.000930895474147541 0.0011099267959345 5.44357888488339e-05
0.00123658138236265 8.52438600384437e-05 0.00106940921665847 7.2493178531995e-05
0.0010033610339612 0.000466588845524488 0.00141592729294938 7.76695141771759e-05
0.000338043466677509 0.000602385795259945 0.00038781600342656 0.000107751807507801
0.000843325220665841 0.000805989589195867 0.000930114991298938 7.23584125296995e-05
0.0010641498915777 0.00024866910785956 0.0014106654208715 7.0846449501392e-05
9.85121637751819e-05 0.000340433695374808 0.000418951792949343 5.16889134048131e-05
0.00118637180615591 9.52517292534017e-05 0.000917264503377846 8.80346158474454e-05
0.00137371228969165 0.000113380149456689 0.00105885593793392 6.78916789809916e-05
0.00118054692085202 0.000218457648405916 0.00137998967265983 5.32583539292287e-05
0.000942583745142822 0.00140385949076878 0.000998452291415503 6.07019579416895e-05
0.00130567330509501 0.000747519554730101 0.000240695171525497 4.99930085780801e-05
0.000380666993537242 0.000570384515242167 0.00123715071823145 4.64486665662348e-05
0.000373344253227937 0.00128211102196078 0.000499477182472561 8.00576962400907e-05
0.000659273611855906 0.00119007428203772 0.00138166902774464 8.4993266294364e-05
0.00137856844171881 0.000349082745743776 9.94243857920446e-05 8.36334633249825e-05
0.00136138650242329 0.000928845691024353 0.00132887145836883 4.26391461204851e-05
0.000862367564437828 0.001412853166998 0.000114733329981882 6.66906136741539e-05
0.000980971928637254 0.000611350779082285 9.15607090613156e-05 6.98959519441632e-05
0.000623091955213177 0.000612491373095798 0.000664456413175959 8.56052544625902e-05
0.000440057967584763 0.000947710062742662 0.00100193622895687 7.40672353083174e-05
0.000360606963864971 0.000180987181096886 0.00103581693219304 6.54151936069815e-05
0.000714741268109239 0.00135285735413056 0.000627987902820946 5.25789158215939e-05
9.875249974653e-05 8.43197234316838e-05 0.000270724308769167 6.94800091642116e-05
0.000122366967704228 0.00057666755698082 0.000676000614649124 5.97803253563033e-05
0.000922806503244418 0.00110293034565321 0.00115037713880213 7.85189715527664e-05
0.00128634178925132 0.000101983581602309 0.000761192520036417 9.74317674684318e-05
0.000531939809978189 0.00135455766248578 0.00126177223232406 8.46332268898538e-05
0.001432664146024 0.000448580370295228 0.000340788773947554 5.94958323628372e-05
0.000813651431272788 0.000908200847180891 0.000754312583824012 5.16989982833443e-05
0.00139518511877134 0.000767951491000814 0.000848606429988363 5.65107584908783e-05
0.000694230504463585 0.000385755790511071 0.000329548338077699 4.4605713791637e-05
0.000730230970082831 0.000628277992615935 0.000404017749607668 4.54288502645713e-05
0.000508772488732184 0.000317014306225327 0.000955882387273234 6.4153502327938e-05
0.000720848714183406 0.000131764052415445 0.00144873078090072 4.53108506906147e-05
0.00116007049108871 0.000925228941960571 0.000435213799201116 3.04693083585793e-05
0.0014166391321444 0.000797692651510517 0.00072992098350904 6.77110049979378e-05
0.000423649349587453 0.000945171840874631 0.00111707137240935 4.22589722833317e-05
0.000679170732807879 0.00061876096212549 0.000534459751089282 5.61101970478046e-05
0.00142006374537711 0.00133441675230853 0.00101792861512996 7.86838504065663e-05
0.00141942721291901 0.000719607767878886 0.00134047380273891 4.43915599807828e-05
0.001154571939954 0.000310946195785951 6.53816492376706e-05 5.83716279797457e-05
0.000967692371663003 0.000467717558564342 0.000103981411094636 7.48836132879129e-05
0.000100614518925418 0.000989046469501234 0.000463298280149401 7.83450765218217e-05
0.000923136873976764 0.000380091514271816 0.00136816706931261 4.96047688531249e-05
0.00140035951105562 0.00013892702876302 0.000650242006068671 6.58926817829406e-05
0.000327314872215328 0.000136091268727549 0.000552280505731978 8.62275190045371e-05
0.00142120587242943 0.000400920285713967 0.00141144841770068 7.78103389176621e-05
0.000740934238262587 0.00141346874785468 0.000746066722048515 8.27075220974033e-05
0.00103755051432189 0.00137502713666077 0.000645247459210342 9.63529763027814e-05
0.000714082670267892 0.00145072268396242 0.000608260104052108 4.72571627195741e-05
0.000330512729377154 0.000796638497592212 0.000612824514518759 7.54718634688235e-05
0.00137426994799356 8.84613187404095e-05 0.000920894941827128 7.23028129002058e-05
0.000212024765217007 0.00113778053168663 0.000155928657341429 5.35459607831648e-05
0.000833476775772612 0.000334834137180154 0.000462528625141436 7.07793020529409e-05
0.00141696703092551 0.000772970234824181 0.000593610364807006 7.08237927077471e-05
0.000690293868161612 0.00138549849262419 0.000264279265674169 6.57713843660699e-05
5.15039570129754e-05 0.00100921111497855 0.000576565646495532 4.67467157651646e-05
0.00046968687208045 0.000812433061354445 0.00103064046417699 6.73600329456316e-05
0.00142735489825131 0.000859213844666755 0.00112548621354162 5.85985063074748e-05
0.000723733576342259 0.00030131893404744 0.000197888068604063 5.97473163460226e-05
0.00135653800015016 7.90878216804009e-05 0.000530105212144622 7.52947991658434e-05
0.000110908265554175 0.000894846336391839 0.00138156743675767 7.41907692725244e-05
0.000424170001629319 0.00139240145471755 0.00136151925629742 6.70109388191372e-05
0.000814144123658948 0.000964671014224608 0.000852199342872696 6.13095859427572e-05
0.000742101885643195 0.00103723192421603 0.000953687279517433 5.9751762289513e-05
0.000816071255353884 0.000531309833808324 0.000619124568251446 9.52970396354528e-05
0.000599895087126937 0.00133194607050743 0.000117782143921382 5.22728415818484e-05
0.00059917055580165 0.000147974578636051 0.00019340561516419 5.8136937424266e-05
6.25850619349308e-05 0.000176330402054179 0.000446055373922999 5.56465437686106e-05
0.000510921219145901 0.000879842793356431 0.000105954571950849 6.9653102495274e-05
0.000450832537602955 0.000845025073525363 0.000347366132927986 5.265954435007e-05
0.000740514463066247 0.00117185279681853 0.000589060422651214 5.82616472494753e-05
9.75579553301893e-05 6.54632360056368e-05 0.00015509330940965 4.76844994008486e-05
0.000953201026174615 0.00116361137780541 0.00132581228150372 5.64815449840385e-05
0.000276798982961592 8.60018862872305e-05 0.000850663304748823 4.20450827601717e-05
0.00105919862994485 0.000149628198786109 0.000276197794232879 7.27813205569341e-05
0.000870735062050863 0.00110807814396024 0.000415615206645962 5.26780475877264e-05
0.000139049204496008 0.00119991643651365 0.00139574327527273 6.82918502243284e-05
0.00138717946828215 0.000275402643613981 0.00077456488366329 7.59213542961935e-05
0.000886038557080645 0.00140771418314047 0.000702603142903387 6.88756599077501e-05
0.000342636896611801 0.000575396916567189 0.000549187188504369 5.59251870426558e-05
0.00042509406883319 0.00143438569519528 0.00119724056463939 6.00455524034973e-05
0.000704323816224405 0.000835934531483272 0.000639963459006911 3.68183007003299e-05
0.000614019253091243 0.00119583293931865 0.000610257664879947 7.22198014666151e-05
0.000597010425338136 0.0010993285116074 0.00119153661618455 5.65262403911935e-05
0.00109828280819434 0.000512261164718625 0.00021786200177364 7.08458795106435e-05
0.00101183755300234 0.000550653526990239 0.000493316114958457 4.66854920822947e-05
0.000685610742004389 7.0346377083523e-05 0.000327415695246701 6.48197591018256e-05
0.000693627791674035 0.000522208872154787 0.00139244519870083 9.08865311697505e-05
0.00139666427569426 0.000450831535944591 0.000716904645352885 6.37771954158153e-05
0.000121809694103694 0.00138580587760123 0.000877848716724513 5.2651183751051e-05
0.000396880831261129 0.000860502446040365 0.00089178334894799 7.29126629303698e-05
0.000136136881971281 0.00141829064624944 0.000609839457601813 7.70766258793964e-05
0.000885985202818664 0.00139988942299066 0.000836264903268366 6.50149517942823e-05
0.000836289278829043 0.001206487565753 0.00140393780221444 7.53104973475336e-05
0.00143706223860705 0.0001048098011347 0.000118560712903417 6.25267358971262e-05
0.00051901720618317 0.000707284049307839 0.00114642709865939 6.01419813643456e-05
0.000100849318990759 0.000989740897777314 0.000318465594033741 6.64894646939342e-05
0.000409230100574697 0.000639337734000933 0.000631199210993034 6.47197428287581e-05
0.00108638342103743 0.000519364854284222 0.000554883732123042 5.49345795774558e-05
0.00093017246658256 0.000319035028226909 0.00144648385464788 4.99487992231511e-05
0.000426122915610267 6.19567405246606e-05 7.14082062157287e-05 3.79997473868048e-05
0.00111199351507805 0.000824192811795624 0.00139741492666559 3.56411649809623e-05
0.000109555300560649 0.000663284960626736 0.00121297652155241 7.13951407285249e-05
0.000465873405951186 0.000611167975087482 0.000520532154141578 6.27525946934649e-05
0.00142015910736372 9.38257424989765e-05 0.000423068466547754 5.00914700230202e-05
0.00105273798919714 0.00102680225869814 0.000928468200931859 6.62185700898773e-05
0.000894978008599037 0.000965637959535824 0.000175001413868054 5.29193932063491e-05
0.000578150209754113 0.000961102497606187 0.00144374522736365 5.25339789673662e-05
0.000509680562238309 0.00113734857110531 0.000583529342531343 5.03419664293667e-05
0.000214004388735437 0.000631822530629805 0.0014287288821474 6.71213242894716e-05
0.000378230460753444 6.78455460902164e-05 0.00075975805982424 3.91693270368189e-05
0.000122920402505737 0.000743562768720576 0.00140691749614942 7.86796013428013e-05
6.51901916440147e-05 0.00096293195889587 0.00066545926432332 5.44024246000107e-05
0.000584745803447677 0.00138870764669256 0.00140284491548386 6.98212851890445e-05
0.00106049173204247 0.00089006155848742 0.00140677224312826 4.84937553433238e-05
0.000925328753551837 0.000932098619926324 0.00035035738260364 5.66714153332527e-05
0.0011527434997748 8.84265377869318e-05 0.000333903497658595 5.30210410600741e-05
0.00112189462664061 0.000733327903914291 7.3700335945353e-05 7.14318379637778e-05
0.00120370903289769 7.48462430805517e-05 0.00139328951295586 5.90562033257469e-05
0.000176529029248083 0.00143780508796642 0.000738214942679894 5.89108888643807e-05
0.000183543559585283 7.57275955862439e-05 0.00137132125451935 5.95670723840694e-05
0.000909163259854308 0.000990251822171519 0.000769922460799957 4.07400480113512e-05
0.00107105106775897 9.49028781755262e-05 0.000679092542790087 3.70057881057161e-05
0.000848565953354534 0.00103189224910699 0.00107158659277325 5.00483665675188e-05
0.00079304705215684 0.000571133374412807 0.000833947982507822 7.12401866355592e-05
0.0010027216264248 7.89959624455933e-05 0.00038348845221395 5.68774530316169e-05
0.000527372148417867 0.00011231073317756 7.51123422996654e-05 7.34577943474251e-05
0.0004511139303325 0.000769844409847448 7.53956498838542e-05 5.9228253362335e-05
0.00104917663515527 9.12995631619534e-05 0.000100248942938445 7.31102320394019e-05
0.00143058417701913 0.000959515164525112 0.00122545041938691 5.18463492443851e-05
0.000926606050894163 0.000729361008115806 0.00012447675591035 6.34613010286171e-05
0.000194648863538379 0.000217471232715127 0.00102108660336217 4.99251730898034e-05
0.00091103708065421 0.000553952267327074 0.000842486880940585 4.82995559270992e-05
7.09875622506524e-05 0.00144017003216514 0.00094815385571943 4.97263672874023e-05
0.00141831301655026 9.33758438229162e-05 0.000303095091832199 6.9896950671434e-05
0.00101412278860497 0.000677161016611378 0.00144035024557488 5.94611167017927e-05
0.000574838410523645 8.80921849097721e-05 0.000504560051591003 6.05534506924059e-05
8.662612765095e-05 0.000190576407560433 6.65249596617573e-05 5.41039595062845e-05
0.000595467644700191 0.0014311261253198 0.00115066751365133 6.45068877559891e-05
0.000244348975581354 0.0011971418765857 6.57949769019716e-05 5.91159413553457e-05
0.00127020958110942 7.76592868061911e-05 0.000360360225914215 6.78680503741226e-05
0.00143441865166822 0.0012377119988054 0.000720518577280169 5.6713017879612e-05
0.000266325513459711 7.57860339856238e-05 7.88553410936585e-05 7.17583105824713e-05
0.000858231687381943 0.000647526562412141 0.000916788913402104 5.89426681248222e-05
0.000366446046284375 8.77295134223054e-05 0.00114000729209604 7.45373646415906e-05
0.00143999055635942 7.19690984103987e-05 0.00115547672190763 5.63792334520314e-05
0.00101804168495446 0.000962557739409558 0.00119794310058348 4.7210933354636e-05
0.000371738883213791 9.75780958192318e-05 0.00139870979377598 7.92622598135703e-05
0.000874063696919498 0.00058864649514418 0.00140114219972883 6.25329229766331e-05
0.00140002094783557 0.000669456649043682 0.000720121207201548 4.22817073432198e-05
0.000306195347925843 0.0006683591636276 0.00059011164504699 4.9938844753492e-05
0.00116255418296453 0.00144097104818305 0.000364963421394345 3.93013037239352e-05
0.000814522490377984 0.00142577310935464 0.000931068329249922 5.64946118910861e-05
0.00105881614745546 0.00124110312362141 6.38991825021044e-05 5.44932038164388e-05
0.000934097532883078 0.000353360523392745 0.000154997358338757 5.47650332885238e-05
0.000369417860362115 0.00142657485821547 0.000383585130374942 6.23400867853769e-05
0.000478263029915858 0.000828605346232787 0.00115818759922906 6.14940121650812e-05
0.0014253505146574 0.00109003115381766 0.000858290710301312 6.14326994943545e-05
0.000748831607218752 0.000609276764203247 0.000287998971329062 5.55718114521104e-05
0.000945238592097376 0.000445729566196774 0.000523126155060892 4.7156246905529e-05
0.000740194498233683 0.00120806913069926 0.0006806545152171 4.02330379382171e-05
7.76367652395283e-05 0.000879237957871421 0.00106395742257961 7.07696892147182e-05
0.000446935584348556 0.00059394042307535 0.00137147036177348 7.64752300127748e-05
0.000131330294573589 0.000176740162051577 0.00140625627939039 4.8739885161643e-05
0.00142187909785553 0.000698856909282509 0.000260857901410402 7.75937266629702e-05
0.000898632823230875 0.000833070568996276 0.00104982785843194 5.68229506690045e-05
0.00088305190501653 0.00120271473527434 0.00124362939500694 4.53352119831881e-05
0.000612897408774825 0.000889008913569105 0.0007790895375632 5.96666972248594e-05
0.000246160773389508 0.000515704636055836 0.00050186537120358 6.24342993786396e-05
0.000110653015108822 0.000705379709162046 0.000707128961847361 7.31595437719023e-05
0.00139971925739579 0.000436867799927579 0.00125940074985635 7.16286290590355e-05
0.000102949160020662 0.000602315123172782 0.000348291948471177 5.41138618052271e-05
0.000913096382856547 0.00141475137263296 0.000241626329073501 6.99799735831543e-05
0.000657691769849545 0.000105767168083658 0.00108214298832356 6.00941939769959e-05
0.000805726417177376 0.00141301894532156 0.0010587004639763 7.20744412233632e-05
0.00114053175103271 0.000840965783384325 4.92851621499457e-05 4.05027689005525e-05
7.48594959738186e-05 0.000249879455080433 0.000944614618719726 6.50436820118913e-05
6.65786309082542e-05 0.000801595474142772 0.000794254391505529 6.39202332435499e-05
5.71331046893277e-05 0.00079765260156479 0.000901294119758144 4.36077521096234e-05
7.21842239261543e-05 0.000945475939757648 0.000959217352385312 5.3277409725324e-05
0.000351745732926513 0.00015197785893958 5.49317921229811e-05 4.44046248612146e-05
0.00109873855135451 0.000546023948152987 6.87118393665163e-05 5.31712370759959e-05
0.000444494627207007 5.21529883240465e-05 0.00070511757357377 4.81391998246384e-05
0.000276325990911225 0.000621467104370466 7.86529157389598e-05 6.56341353323654e-05
9.22289121009459e-05 0.00125762684933697 8.5900198046431e-05 7.28547529811939e-05
0.000529863400399578 0.000544324707088004 0.000711530873039417 3.79093253861908e-05
0.000249486140397568 0.000740206838610419 0.000690221930024283 4.99880910347509e-05
0.000848762130205417 6.66591823500599e-05 0.000632767286226767 5.48463233455789e-05
0.00124895560730223 0.000850736555033403 0.000511024851748721 5.49596289501673e-05
0.00141724107293877 0.000398482329452182 0.000235999656881765 5.76726102107995e-05
0.00100589864929492 0.00136209349357732 4.81559625138947e-05 3.95044524698705e-05
7.99577153284185e-05 8.51362253903797e-05 0.00129865893273085 6.73122500167627e-05
9.57760550889842e-05 0.000438638039835015 0.00119882970431573 7.02422331433853e-05
6.53688273095038e-05 0.000919056355288585 0.000560284939298971 4.59095131129608e-05
0.00131426785706254 0.000680743354068075 0.000330676805606302 5.19553351268768e-05
0.000426956469175985 0.000150837842076922 0.000680494473594581 4.63850911612211e-05
0.00136930755235168 0.00135816891384466 0.00140792408813331 7.00486893924911e-05
0.000753553348848694 0.000753694436393988 0.000595542281185864 4.446279553503e-05
0.000271655431963309 0.00137733013307429 0.00137947451495977 5.10893666561804e-05
0.00135507039755432 0.000497920395138042 0.00145523340073881 4.12780580385338e-05
0.00080297145158715 6.77522262446844e-05 0.00141733959493709 6.34414570761761e-05
0.00140014397114706 0.0013349885797855 0.00129791256678155 4.65306717369445e-05
0.000980451981266734 0.000206330141514802 5.10904312562825e-05 4.53019071947432e-05
0.000909690960033262 0.000181360383066008 0.00117224973197121 4.48626144919001e-05
0.00107514507357766 0.000450167403719987 0.000757337097526275 5.24590983612675e-05
0.000435074872478416 0.000227918149825346 6.622770317128e-05 6.24954917438961e-05
0.000597831268160115 0.000262025676069299 0.00112576982382198 4.51114258642676e-05
0.00124755546908481 0.00140151114239586 0.00140889416532617 5.9191627867137e-05
0.000444370682727117 0.00095834536551153 0.000797397303690669 7.10916718037607e-05
0.000980407866411058 0.000971812396383535 8.95443262403622e-05 4.91237670200987e-05
0.00106069396928675 0.00121000783483139 0.000531068222193992 7.54052912758861e-05
0.000102048712204499 0.00010539548969987 0.000979813424223046 6.74324758843666e-05
0.000993804553008205 0.000459590339209369 0.000641151429897203 5.81502973132939e-05
0.000499795445477338 0.000342178255887353 0.000835710827875675 5.89522057291353e-05
5.4200445157352e-05 0.00129213608825974 0.000186654634165837 4.02315338393047e-05
0.000101059462195665 0.00105404028350156 0.000956367353565209 5.90425505188492e-05
0.000702341635427452 0.000126652192057351 0.000502684182031431 4.39226931305954e-05
0.00033235412978753 0.000278955347156506 8.60494713362187e-05 5.39057495878507e-05
8.95333290354492e-05 0.00136850916471667 0.000724605033083878 5.31400213226154e-05
0.00118929881574141 0.000931234456712802 0.000162818947459513 6.66767946690756e-05
0.000621545234718821 0.000654699770246605 0.000440919376427116 5.94843428367273e-05
0.00103139484162005 0.00139214873846351 0.00118230931345772 7.9552008705219e-05
0.000672216669359326 0.000102859878939429 0.000972743492607106 5.03036080797156e-05
0.00134899915500289 0.000190469229512941 0.00143707549408079 6.21942070044047e-05
0.00140792679715812 0.0010950243522779 0.000753225406399002 4.51845413555326e-05
0.00144537572303219 0.00109394832695935 0.000323959354540471 5.31824156781483e-05
9.82308112648431e-05 0.00140982599573872 0.00143389744255183 6.47345967706243e-05
0.00110493669828081 0.000520014255523068 0.000438680380931385 6.27423707850115e-05
0.000501373565927438 0.000389792317620729 0.00114630880416099 4.67998137967352e-05
0.000319047108002357 0.00143209062023381 0.00130790768844787 5.07266073789493e-05
0.00133285487314754 0.0014238562436626 0.00127666621733015 6.69448399718553e-05
0.00081258929899573 0.000854227648092127 0.00060681753498854 7.26666260994204e-05
0.000448393645832358 7.29684383777845e-05 0.000611294637310385 4.80441078553526e-05
0.00140136724695982 8.445607881988e-05 0.00130319157372322 8.0375634573212e-05
0.00146248736967308 0.00109084070551193 0.000412287148377691 3.68412752369317e-05
0.000195965575932252 0.000539753093645434 0.000365074018841653 4.91755011832408e-05
5.42862114504855e-05 0.00120065331106746 0.00076498203609148 5.14172501249741e-05
0.000833549275545543 0.000261431251399697 0.000103629295608824 6.37238394581989e-05
0.0012275546388112 0.000215006640116805 0.000813421589081038 4.02563455483023e-05
0.00111256501356345 0.00118690476948711 0.000850088748738174 4.0711310866628e-05
0.00144108870526886 0.00117355110790207 0.000422748095237755 4.92304675770263e-05
0.000760635599212988 0.00131329366458459 0.00100478280686828 4.99314079429066e-05
0.000495264490818426 0.00096308054283731 0.000295408799964916 4.42632264829763e-05
0.000807972866083316 0.00128090476132797 0.000725942018092311 4.0671807519397e-05
0.000505541374860379 0.00124522819230762 0.000595081081815448 4.79370533392132e-05
5.86058727620089e-05 0.000237614974113763 0.000138526650395621 3.63504759624537e-05
0.00140890403631354 0.00136750434288568 0.00116699025408262 7.44131775327055e-05
0.00139849176676848 0.000982480548566913 0.00142559734992747 7.40201727681077e-05
6.14064928649817e-05 0.000380274791485226 0.000321215578989895 6.01883017558383e-05
9.13365706145895e-05 7.49266108721007e-05 5.46369118399398e-05 5.34082743484471e-05
0.00117631118252792 0.0014360307075042 0.000480099814355832 5.31697336735466e-05
0.00104816533031042 0.00095536685057112 0.00129537902196318 5.50284996784609e-05
0.000298692498135732 0.00140745046028719 0.000499591498578133 4.31110089755052e-05
0.000126970802277756 0.00111997745792879 0.000505810761019689 6.09198052950986e-05
0.000970072922969577 0.00100696758881352 0.00139626671699044 8.25919467652293e-05
0.00143452041647048 0.000768036308143059 0.00142917710235716 5.77916268394079e-05
0.000972441520178737 0.000564085651369365 0.00131918401481255 6.31172229366512e-05
0.00067926744651491 0.00102014047309288 0.000819543728449165 7.22344593424422e-05
0.000993373190238871 0.00136948470526026 0.000786868420025867 5.14395408623847e-05
0.00044766922414824 0.00119756159812539 0.000554243891622218 3.74383888667299e-05
0.000596409915125021 0.000398875633871386 9.50233820046949e-05 5.95337401582144e-05
0.00114604934985644 0.000812337912496193 0.00126761218716044 4.71406496149416e-05
0.000559694057071593 0.000987627208917891 0.000766000739285733 5.19638086914377e-05
0.00139201549702685 0.00141415366487608 0.000717296455668667 7.87538407801784e-05
0.000696608546646873 5.78271169202768e-05 0.000208447916767927 5.53094042939291e-05
0.00143591187861937 0.00109292556883836 0.0006764007505408 3.66054178329281e-05
0.0010604280878698 7.90621186582871e-05 0.000498897228151577 7.21544253262913e-05
0.00143473532145708 0.000364067170742177 0.000634844489725199 6.15676438720145e-05
0.000427562110377482 6.95988770200851e-05 0.00125801859729672 5.9591533891693e-05
0.000208541390295007 0.000495969591108804 0.000662152374512069 4.67468757294998e-05
0.00106471930475072 0.00141474318035754 0.000507980268594175 4.91041958130859e-05
0.00143359539335563 0.000362314108365341 0.000520882516371349 5.24135126165792e-05
0.000938687224388239 0.0002402037962743 0.000286317159335753 2.92237772110055e-05
0.000335557906813088 0.000555154809792359 0.000644978109725838 4.22366974732379e-05
0.00096720058067488 0.000255701311067431 0.000465695996012997 6.42249213769146e-05
0.00119533882014866 0.000810991264612537 0.00103919798161954 5.00808479215419e-05
0.0003472382831275 0.000646703008112571 0.00134477877167959 3.94380273494122e-05
0.00120279150546552 0.000452579643825495 0.000366100765787883 6.41110881235179e-05
0.000634364087645607 0.00100385496455608 8.29499064058848e-05 5.27547093245417e-05
0.000776621500448792 0.000149148400680421 0.000878210255764525 5.93849176555192e-05
0.000673194198344665 0.00143679167548548 0.00104879350823285 6.29369638514338e-05
0.0014215129967999 0.0014061487866499 0.000420265718586544 6.3687655252758e-05
0.000589728016496017 0.00125945451333248 0.000186042264634621 3.77124542481007e-05
0.000161376600701938 0.000335242435683244 0.000713954106246832 4.38309948876212e-05
0.00128576724003494 0.00101441702294013 0.000706604234528688 5.62360091415404e-05
0.000310315403715697 0.00100460999282382 5.01543352666902e-05 3.95995928398276e-05
0.000708907160167095 6.52180031977985e-05 9.47481409936317e-05 5.92921668367148e-05
0.000996713448590667 0.000502194463497978 0.00087234447857951 5.61551539559991e-05
