0.003 0.003 0.0001998046875
0.0011572265625 0.00181640625 2.34375e-05 4.6875e-05
0.001083984375 0.00181640625 1.318359375e-05 2.63671875e-05
0.001259765625 0.00178125 3.076171875e-05 6.15234375e-05
0.0012158203125 0.00167578125 2.63671875e-05 5.2734375e-05
0.000978515625 0.00181640625 3.955078125e-05 7.91015625e-05
0.0012158203125 0.0015732421875 2.4902343750000002e-05 4.9804687500000004e-05
0.0011455078125 0.0014794921875000001 3.369140625e-05 6.73828125e-05
0.001376953125 0.001693359375 4.2480468750000004e-05 8.496093750000001e-05
0.000978515625 0.0019746093750000002 3.955078125e-05 7.91015625e-05
0.001306640625 0.0015732421875 2.05078125e-05 4.1015625e-05
0.0011572265625 0.0017373046875000001 1.611328125e-05 3.22265625e-05
0.000861328125 0.001728515625 3.369140625e-05 6.73828125e-05
0.000943359375 0.0015966796875 4.39453125e-05 8.7890625e-05
0.001013671875 0.0013974609375 4.39453125e-05 8.7890625e-05
0.000873046875 0.0020537109375 2.63671875e-05 5.2734375e-05
0.000767578125 0.001564453125 4.541015625e-05 9.08203125e-05
0.001013671875 0.0012861328125 1.171875e-05 2.34375e-05
0.000767578125 0.00209765625 3.076171875e-05 6.15234375e-05
0.001259765625 0.0019189453125 3.80859375e-05 7.6171875e-05
0.000767578125 0.0013916015625 4.1015625e-05 8.203125e-05
0.001259765625 0.0020625 3.369140625e-05 6.73828125e-05
0.001072265625 0.0012421875 2.4902343750000002e-05 4.9804687500000004e-05
0.001552734375 0.001693359375 4.541015625e-05 9.08203125e-05
0.0011132812500000001 0.0016083984375 2.9296875e-05 5.859375e-05
0.000978515625 0.0021328125 3.955078125e-05 7.91015625e-05
0.0006708984375 0.0012626953125 3.955078125e-05 7.91015625e-05
0.0005537109375000001 0.0013857421875 4.541015625e-05 9.08203125e-05
0.001552734375 0.0018076171875 1.171875e-05 2.34375e-05
0.001306640625 0.001482421875 2.4902343750000002e-05 4.9804687500000004e-05
0.0015878906250000001 0.0018544921875 1.7578125000000002e-05 3.5156250000000004e-05
0.001482421875 0.0018984375 3.955078125e-05 7.91015625e-05
0.001482421875 0.0020390625 3.076171875e-05 6.15234375e-05
0.000626953125 0.0020390625 4.541015625e-05 9.08203125e-05
0.0005478515625 0.0011455078125 4.541015625e-05 9.08203125e-05
0.0010869140625 0.0017373046875000001 1.904296875e-05 3.80859375e-05
0.000791015625 0.0012626953125 2.05078125e-05 4.1015625e-05
0.001130859375 0.0013037109375 1.7578125000000002e-05 3.5156250000000004e-05
0.0008291015625 0.0019482421875 3.076171875e-05 6.15234375e-05
0.001095703125 0.0021064453125 2.05078125e-05 4.1015625e-05
0.0006855468750000001 0.0021591796875 2.05078125e-05 4.1015625e-05
0.0007470703125 0.001728515625 2.34375e-05 4.6875e-05
0.001376953125 0.0014619140625 1.171875e-05 2.34375e-05
0.0006855468750000001 0.0022705078125 3.5156250000000004e-05 7.031250000000001e-05
0.0008173828125 0.0011455078125 3.955078125e-05 7.91015625e-05
0.000703125 0.0011455078125 1.7578125000000002e-05 3.5156250000000004e-05
0.0006855468750000001 0.002419921875 3.955078125e-05 7.91015625e-05
0.000884765625 0.0022031250000000002 1.904296875e-05 3.80859375e-05
0.0006855468750000001 0.001810546875 2.783203125e-05 5.56640625e-05
0.0011513671875 0.00113671875 4.1015625e-05 8.203125e-05
0.001306640625 0.0013593750000000001 3.662109375e-05 7.32421875e-05
0.000427734375 0.0011455078125 1.46484375e-05 2.9296875e-05
0.0015849609375 0.0020390625 2.05078125e-05 4.1015625e-05
0.000703125 0.0010634765625 2.34375e-05 4.6875e-05
0.0008173828125 0.0024902343750000003 3.5156250000000004e-05 7.031250000000001e-05
0.0017255859375000001 0.001693359375 4.1015625e-05 8.203125e-05
0.0011513671875 0.000984375 3.5156250000000004e-05 7.031250000000001e-05
0.0006064453125 0.001564453125 3.5156250000000004e-05 7.031250000000001e-05
0.000509765625 0.002162109375 3.955078125e-05 7.91015625e-05
0.0008173828125 0.002361328125 2.9296875e-05 5.859375e-05
0.00034277343750000003 0.002162109375 4.39453125e-05 8.7890625e-05
0.001552734375 0.001541015625 3.076171875e-05 6.15234375e-05
0.0005654296875 0.001705078125 3.80859375e-05 7.6171875e-05
0.0006064453125 0.002525390625 2.63671875e-05 5.2734375e-05
0.0005302734375 0.002525390625 1.171875e-05 2.34375e-05
0.0017255859375000001 0.001810546875 1.7578125000000002e-05 3.5156250000000004e-05
0.000509765625 0.002296875 2.783203125e-05 5.56640625e-05
0.000427734375 0.001072265625 2.197265625e-05 4.39453125e-05
0.00034277343750000003 0.00230859375 2.9296875e-05 5.859375e-05
0.001306640625 0.001224609375 3.076171875e-05 6.15234375e-05
0.00075 0.0019482421875 8.789062500000001e-06 1.7578125000000002e-05
0.0010107421875 0.00116015625 2.63671875e-05 5.2734375e-05
0.000427734375 0.0009521484375 3.80859375e-05 7.6171875e-05
0.0016787109375 0.002109375 3.80859375e-05 7.6171875e-05
0.001482421875 0.0021767578125 3.80859375e-05 7.6171875e-05
0.0003837890625 0.00244921875 4.39453125e-05 8.7890625e-05
0.000380859375 0.0012333984375000001 3.5156250000000004e-05 7.031250000000001e-05
0.000240234375 0.0012744140625 3.80859375e-05 7.6171875e-05
0.0012802734375 0.000984375 2.9296875e-05 5.859375e-05
0.000193359375 0.00230859375 4.541015625e-05 9.08203125e-05
0.0004072265625 0.001705078125 4.1015625e-05 8.203125e-05
0.0004951171875 0.001564453125 2.05078125e-05 4.1015625e-05
0.0017255859375000001 0.001921875 3.80859375e-05 7.6171875e-05
0.00026953125 0.001705078125 2.783203125e-05 5.56640625e-05
0.0005478515625 0.0010166015625 1.904296875e-05 3.80859375e-05
0.0010107421875 0.0010341796875 3.662109375e-05 7.32421875e-05
2.34375e-05 0.00230859375 3.955078125e-05 7.91015625e-05
0.001400390625 0.000984375 3.076171875e-05 6.15234375e-05
0.0014091796875 0.001259765625 2.34375e-05 4.6875e-05
0.00046875 0.0008115234375000001 3.5156250000000004e-05 7.031250000000001e-05
0.00026953125 0.0015878906250000001 3.076171875e-05 6.15234375e-05
0.0008173828125 0.002279296875 1.171875e-05 2.34375e-05
0.00026953125 0.001447265625 3.955078125e-05 7.91015625e-05
0.001822265625 0.001921875 1.025390625e-05 2.05078125e-05
0.000193359375 0.0024785156250000002 3.955078125e-05 7.91015625e-05
0.0018984375 0.001921875 2.783203125e-05 5.56640625e-05
0.000240234375 0.0011191406250000001 3.955078125e-05 7.91015625e-05
0.00046582031250000003 0.0018457031250000001 3.5156250000000004e-05 7.031250000000001e-05
3.5156250000000004e-05 0.0024785156250000002 3.955078125e-05 7.91015625e-05
0.001435546875 0.001400390625 3.076171875e-05 6.15234375e-05
0.0002548828125 0.002044921875 2.9296875e-05 5.859375e-05
0.0013330078125 0.0011074218750000001 2.9296875e-05 5.859375e-05
0.00144140625 0.00084375 4.2480468750000004e-05 8.496093750000001e-05
0.000609375 0.0008115234375000001 3.5156250000000004e-05 7.031250000000001e-05
0.0011513671875 0.0008291015625 4.2480468750000004e-05 8.496093750000001e-05
0.0016552734375 0.001541015625 2.05078125e-05 4.1015625e-05
0.001482421875 0.002291015625 1.904296875e-05 3.80859375e-05
0.0018984375 0.0020654296875 4.39453125e-05 8.7890625e-05
0.00040136718750000003 0.001447265625 2.63671875e-05 5.2734375e-05
0.000380859375 0.001330078125 1.318359375e-05 2.63671875e-05
0.000111328125 0.0013710937500000001 4.2480468750000004e-05 8.496093750000001e-05
0.0001318359375 0.001705078125 4.1015625e-05 8.203125e-05
9.375e-05 0.002619140625 3.662109375e-05 7.32421875e-05
0.0004833984375 0.00261328125 3.80859375e-05 7.6171875e-05
0.000375 0.0007412109375 2.34375e-05 4.6875e-05
0.0017578125 0.0022148437500000002 2.783203125e-05 5.56640625e-05
0.001259765625 0.002197265625 3.369140625e-05 6.73828125e-05
0.0002724609375 0.002583984375 2.63671875e-05 5.2734375e-05
0.001541015625 0.001259765625 4.2480468750000004e-05 8.496093750000001e-05
0.0011513671875 0.0007265625 8.789062500000001e-06 1.7578125000000002e-05
0.0004716796875 0.0015205078125 4.3945312500000005e-06 8.789062500000001e-06
0.001259765625 0.00234375 3.955078125e-05 7.91015625e-05
0.001259765625 0.0024902343750000003 3.369140625e-05 6.73828125e-05
0.0002109375 0.002666015625 2.4902343750000002e-05 4.9804687500000004e-05
0.0011279296875 0.000708984375 5.859375e-06 1.171875e-05
0.0006064453125 0.002619140625 2.05078125e-05 4.1015625e-05
0.001423828125 0.0023525390625000002 2.34375e-05 4.6875e-05
0.001400390625 0.001505859375 1.318359375e-05 2.63671875e-05
0.0003193359375 0.0009521484375 1.611328125e-05 3.22265625e-05
0.0009580078125 0.0024902343750000003 3.5156250000000004e-05 7.031250000000001e-05
0.0010986328125 0.00253125 3.80859375e-05 7.6171875e-05
0.001880859375 0.001693359375 3.662109375e-05 7.32421875e-05
0.0005009765625 0.0019482421875 1.904296875e-05 3.80859375e-05
0.0017021484375 0.001453125 2.9296875e-05 5.859375e-05
0.0002958984375 0.0006357421875 4.2480468750000004e-05 8.496093750000001e-05
0.0005478515625 0.0009462890625 1.611328125e-05 3.22265625e-05
0.001875 0.0022148437500000002 3.076171875e-05 6.15234375e-05
0.0002138671875 0.000908203125 4.1015625e-05 8.203125e-05
0.0002109375 0.0027802734375 3.22265625e-05 6.4453125e-05
0.0007265625 0.000837890625 2.4902343750000002e-05 4.9804687500000004e-05
0.0008173828125 0.0026484375 4.39453125e-05 8.7890625e-05
0.000509765625 0.002056640625 1.318359375e-05 2.63671875e-05
0.0002138671875 0.00050390625 3.5156250000000004e-05 7.031250000000001e-05
0.0009697265625 0.0008935546875 3.662109375e-05 7.32421875e-05
2.34375e-05 0.002162109375 3.369140625e-05 6.73828125e-05
0.0002138671875 0.0003662109375 3.369140625e-05 6.73828125e-05
0.0011279296875 0.0006064453125 4.541015625e-05 9.08203125e-05
0.0011279296875 0.000474609375 2.05078125e-05 4.1015625e-05
0.000873046875 0.001470703125 2.4902343750000002e-05 4.9804687500000004e-05
0.0009404296875 0.002765625 4.1015625e-05 8.203125e-05
5.2734375e-05 0.0015996093750000001 2.4902343750000002e-05 4.9804687500000004e-05
0.0003486328125 0.002583984375 1.171875e-05 2.34375e-05
0.000123046875 0.00103125 3.369140625e-05 6.73828125e-05
2.34375e-05 0.00200390625 4.541015625e-05 9.08203125e-05
0.0002138671875 0.0002138671875 4.2480468750000004e-05 8.496093750000001e-05
7.6171875e-05 0.0027802734375 3.5156250000000004e-05 7.031250000000001e-05
0.0001083984375 0.000908203125 1.171875e-05 2.34375e-05
0.0019833984375 0.001693359375 1.46484375e-05 2.9296875e-05
0.0004833984375 0.002759765625 3.5156250000000004e-05 7.031250000000001e-05
0.0010986328125 0.0026689453125 3.076171875e-05 6.15234375e-05
0.00033984375000000003 0.0027802734375 3.22265625e-05 6.4453125e-05
0.0009404296875 0.0028916015625 2.197265625e-05 4.39453125e-05
0.001880859375 0.00155859375 3.076171875e-05 6.15234375e-05
0.0010986328125 0.0024287109375 1.318359375e-05 2.63671875e-05
0.000708984375 0.0019482421875 1.171875e-05 2.34375e-05
0.0001435546875 0.002162109375 2.63671875e-05 5.2734375e-05
0.0016611328125 0.001810546875 1.46484375e-05 2.9296875e-05
0.00207421875 0.0020654296875 4.39453125e-05 8.7890625e-05
0.001505859375 0.0010634765625 3.5156250000000004e-05 7.031250000000001e-05
0.0003720703125 0.001916015625 2.34375e-05 4.6875e-05
0.0010546875 0.0028916015625 3.5156250000000004e-05 7.031250000000001e-05
9.66796875e-05 0.0004775390625 2.4902343750000002e-05 4.9804687500000004e-05
0.001822265625 0.0018837890625 8.789062500000001e-06 1.7578125000000002e-05
0.001552734375 0.0023115234375 1.7578125000000002e-05 3.5156250000000004e-05
0.001265625 0.0006064453125 2.34375e-05 4.6875e-05
0.00034277343750000003 0.0001171875 3.80859375e-05 7.6171875e-05
2.63671875e-05 0.0008466796875 3.955078125e-05 7.91015625e-05
0.00014062500000000002 0.001880859375 3.955078125e-05 7.91015625e-05
0.000609375 0.0006826171875000001 2.9296875e-05 5.859375e-05
0.0020419921875 0.0017373046875000001 2.197265625e-05 4.39453125e-05
0.001265625 0.0004892578125 3.5156250000000004e-05 7.031250000000001e-05
0.0003544921875 0.0004072265625 3.955078125e-05 7.91015625e-05
0.0019863281250000002 0.001875 2.197265625e-05 4.39453125e-05
0.0016025390625 0.00084375 3.80859375e-05 7.6171875e-05
0.00033984375000000003 0.0029091796875 3.22265625e-05 6.4453125e-05
0.0008642578125 0.0012626953125 1.611328125e-05 3.22265625e-05
0.0010986328125 0.0023466796875 2.783203125e-05 5.56640625e-05
0.0018046875 0.00141796875 2.4902343750000002e-05 4.9804687500000004e-05
0.00083203125 0.0008818359375 3.22265625e-05 6.4453125e-05
0.0015996093750000001 0.0023994140625 3.22265625e-05 6.4453125e-05
0.0005185546875 0.0004072265625 4.2480468750000004e-05 8.496093750000001e-05
0.0003544921875 0.000521484375 1.7578125000000002e-05 3.5156250000000004e-05
0.0008232421875 0.0022031250000000002 1.171875e-05 2.34375e-05
0.0020126953125 0.00155859375 3.5156250000000004e-05 7.031250000000001e-05
0.0001728515625 7.32421875e-05 3.076171875e-05 6.15234375e-05
0.001376953125 0.0006064453125 3.22265625e-05 6.4453125e-05
0.0021474609375 0.00181640625 4.39453125e-05 8.7890625e-05
0.0015556640625 0.0009316406250000001 1.171875e-05 2.34375e-05
0.0004365234375 0.0006826171875000001 1.904296875e-05 3.80859375e-05
7.6171875e-05 0.0029355468750000002 4.2480468750000004e-05 8.496093750000001e-05
0.001330078125 0.002583984375 2.4902343750000002e-05 4.9804687500000004e-05
0.00151171875 0.0025166015625 4.1015625e-05 8.203125e-05
0.0009609375 0.0006064453125 3.80859375e-05 7.6171875e-05
0.0006328125 0.0009462890625 2.63671875e-05 5.2734375e-05
0.00090234375 0.0010341796875 1.7578125000000002e-05 3.5156250000000004e-05
0.0022031250000000002 0.00196875 3.662109375e-05 7.32421875e-05
0.0015849609375 0.0019628906250000002 1.7578125000000002e-05 3.5156250000000004e-05
0.00139453125 0.0019921875 1.904296875e-05 3.80859375e-05
0.00176953125 0.00202734375 1.904296875e-05 3.80859375e-05
0.001798828125 0.00235546875 4.541015625e-05 9.08203125e-05
7.031250000000001e-05 0.0005947265625 3.5156250000000004e-05 7.031250000000001e-05
0.0011279296875 0.0003720703125 3.076171875e-05 6.15234375e-05
0.0011923828125 0.0028916015625 3.369140625e-05 6.73828125e-05
0.00195703125 0.00235546875 3.369140625e-05 6.73828125e-05
0.0007265625 0.0007294921875 2.9296875e-05 5.859375e-05
0.0016083984375 0.0026455078125 3.955078125e-05 7.91015625e-05
0.001728515625 0.00084375 2.4902343750000002e-05 4.9804687500000004e-05
0.0006591796875 0.0003017578125 4.541015625e-05 9.08203125e-05
0.0005185546875 0.0002900390625 1.611328125e-05 3.22265625e-05
0.000955078125 0.002296875 3.955078125e-05 7.91015625e-05
0.001376953125 0.0015732421875 1.46484375e-05 2.9296875e-05
0.0013710937500000001 0.00041015625 3.076171875e-05 6.15234375e-05
0.00214453125 0.0021591796875 1.46484375e-05 2.9296875e-05
0.00193359375 0.00141796875 3.955078125e-05 7.91015625e-05
0.0015087890625 0.0006064453125 3.369140625e-05 6.73828125e-05
0.0006591796875 0.0005126953125 4.541015625e-05 9.08203125e-05
0.0016113281250000001 0.0006064453125 1.7578125000000002e-05 3.5156250000000004e-05
0.001013671875 0.0015087890625 1.171875e-05 2.34375e-05
0.0004951171875 0.00062109375 2.34375e-05 4.6875e-05
0.0016083984375 0.002806640625 4.1015625e-05 8.203125e-05
0.001798828125 0.0025048828125 2.9296875e-05 5.859375e-05
0.0018046875 0.001294921875 3.662109375e-05 7.32421875e-05
0.001728515625 0.0009462890625 2.63671875e-05 5.2734375e-05
0.0016083984375 0.0029765625 4.39453125e-05 8.7890625e-05
0.0 0.001529296875 1.904296875e-05 3.80859375e-05
7.91015625e-05 0.00113671875 2.34375e-05 4.6875e-05
0.0011015625000000001 0.0019746093750000002 2.197265625e-05 4.39453125e-05
0.0018046875 0.001142578125 3.955078125e-05 7.91015625e-05
0.001265625 0.000697265625 2.197265625e-05 4.39453125e-05
0.0002138671875 0.00078515625 2.05078125e-05 4.1015625e-05
0.0015087890625 0.0004775390625 3.076171875e-05 6.15234375e-05
4.1015625e-05 0.0002138671875 4.39453125e-05 8.7890625e-05
0.00198046875 0.0022148437500000002 2.197265625e-05 4.39453125e-05
0.00031640625 0.0008027343750000001 1.904296875e-05 3.80859375e-05
0.0008056640625000001 0.0028916015625 4.541015625e-05 9.08203125e-05
0.0021064453125 0.00235546875 4.1015625e-05 8.203125e-05
0.001283203125 0.0008291015625 2.34375e-05 4.6875e-05
0.0021298828125 0.0015322265625 2.4902343750000002e-05 4.9804687500000004e-05
0.00083203125 0.0006064453125 2.63671875e-05 5.2734375e-05
0.0022119140625 0.0015937500000000001 2.63671875e-05 5.2734375e-05
0.0012392578125000001 0.0027275390625 4.541015625e-05 9.08203125e-05
0.0022998046875 0.00209765625 4.39453125e-05 8.7890625e-05
4.1015625e-05 0.0003515625 2.4902343750000002e-05 4.9804687500000004e-05
0.0018339843750000001 0.0008876953125 3.22265625e-05 6.4453125e-05
0.00064453125 0.0028916015625 3.5156250000000004e-05 7.031250000000001e-05
0.0022998046875 0.0022763671875 4.541015625e-05 9.08203125e-05
0.00240234375 0.0022412109375 8.789062500000001e-06 1.7578125000000002e-05
0.0001318359375 0.00078515625 2.05078125e-05 4.1015625e-05
0.0011923828125 0.0029970703125 1.904296875e-05 3.80859375e-05
0.0006064453125 0.0027041015625 2.197265625e-05 4.39453125e-05
0.0023203125 0.001880859375 3.662109375e-05 7.32421875e-05
0.0004306640625 0.002296875 1.171875e-05 2.34375e-05
0.0016611328125 0.0024814453125 1.904296875e-05 3.80859375e-05
0.0014765625 0.0003662109375 2.63671875e-05 5.2734375e-05
0.001048828125 0.0007939453125000001 1.171875e-05 2.34375e-05
0.0025048828125 0.0022412109375 4.2480468750000004e-05 8.496093750000001e-05
0.0008173828125 0.0007294921875 1.611328125e-05 3.22265625e-05
0.0012333984375000001 0.000328125 2.63671875e-05 5.2734375e-05
0.000990234375 0.0003720703125 3.80859375e-05 7.6171875e-05
0.0015908203125 0.0003662109375 3.076171875e-05 6.15234375e-05
0.000626953125 0.0001259765625 4.39453125e-05 8.7890625e-05
0.0009257812500000001 0.0012626953125 1.46484375e-05 2.9296875e-05
0.0024609375 0.001921875 3.662109375e-05 7.32421875e-05
0.00195703125 0.0024404296875 8.789062500000001e-06 1.7578125000000002e-05
0.0022119140625 0.0015234375 8.789062500000001e-06 1.7578125000000002e-05
0.0021416015625 0.0016230468750000001 1.171875e-05 2.34375e-05
0.000990234375 0.000216796875 3.955078125e-05 7.91015625e-05
0.00052734375 0.0028916015625 2.34375e-05 4.6875e-05
0.001646484375 0.0012158203125 1.46484375e-05 2.9296875e-05
0.0016230468750000001 0.0019013671875 1.171875e-05 2.34375e-05
0.0025400390625 0.002138671875 1.171875e-05 2.34375e-05
0.000111328125 0.0014794921875000001 1.171875e-05 2.34375e-05
0.0017314453125000001 0.0003662109375 3.955078125e-05 7.91015625e-05
0.001798828125 0.002654296875 4.541015625e-05 9.08203125e-05
0.00075 0.0019951171875 1.46484375e-05 2.9296875e-05
0.0004423828125 0.0002900390625 2.197265625e-05 4.39453125e-05
0.0021298828125 0.00146484375 8.789062500000001e-06 1.7578125000000002e-05
1.171875e-05 0.0026806640625 1.46484375e-05 2.9296875e-05
0.0014443359375 0.0029765625 3.80859375e-05 7.6171875e-05
0.0026396484375 0.0022412109375 2.4902343750000002e-05 4.9804687500000004e-05
0.0021298828125 0.0013857421875 3.076171875e-05 6.15234375e-05
0.001728515625 0.0007470703125 2.34375e-05 4.6875e-05
0.0005302734375 0.00244921875 2.63671875e-05 5.2734375e-05
0.0008027343750000001 0.000158203125 4.541015625e-05 9.08203125e-05
0.0010869140625 8.7890625e-05 4.1015625e-05 8.203125e-05
0.0007705078125 0.001810546875 1.46484375e-05 2.9296875e-05
0.001939453125 0.001142578125 2.783203125e-05 5.56640625e-05
0.0027626953125 0.0022412109375 3.662109375e-05 7.32421875e-05
0.002583984375 0.001921875 2.4902343750000002e-05 4.9804687500000004e-05
0.0024609375 0.0017724609375 3.80859375e-05 7.6171875e-05
0.0008466796875 0.0003720703125 3.369140625e-05 6.73828125e-05
0.0013710937500000001 0.000263671875 4.2480468750000004e-05 8.496093750000001e-05
0.0009580078125 8.7890625e-05 2.34375e-05 4.6875e-05
0.001693359375 0.001048828125 2.783203125e-05 5.56640625e-05
0.0001083984375 0.00120703125 1.46484375e-05 2.9296875e-05
0.0008027343750000001 2.9296875e-06 3.22265625e-05 6.4453125e-05
0.00148828125 0.00017578125 3.076171875e-05 6.15234375e-05
0.0023203125 0.001740234375 3.369140625e-05 6.73828125e-05
0.002291015625 0.0015937500000000001 1.318359375e-05 2.63671875e-05
0.0019189453125 0.001294921875 2.05078125e-05 4.1015625e-05
0.0014091796875 7.031250000000001e-05 3.5156250000000004e-05 7.031250000000001e-05
0.001921875 0.0008408203125 1.7578125000000002e-05 3.5156250000000004e-05
0.0027626953125 0.0020947265625 3.662109375e-05 7.32421875e-05
0.0009375 0.001470703125 7.32421875e-06 1.46484375e-05
0.0006884765625 0.0016669921875 1.904296875e-05 3.80859375e-05
2.63671875e-05 0.0007001953125 2.197265625e-05 4.39453125e-05
0.001921875 0.000755859375 2.4902343750000002e-05 4.9804687500000004e-05
0.00101953125 0.0007236328125 2.63671875e-05 5.2734375e-05
0.0028798828125 0.0023291015625000002 3.662109375e-05 7.32421875e-05
0.0014853515625000001 0.0026455078125 2.197265625e-05 4.39453125e-05
0.0029267578125 0.0020947265625 4.541015625e-05 9.08203125e-05
0.0025048828125 0.0024140625 4.39453125e-05 8.7890625e-05
0.0 0.001775390625 3.369140625e-05 6.73828125e-05
0.002056640625 0.0011689453125 3.22265625e-05 6.4453125e-05
0.001728515625 0.0006416015625 2.9296875e-05 5.859375e-05
0.0017314453125000001 0.000234375 2.63671875e-05 5.2734375e-05
0.0004365234375 4.6875e-05 2.05078125e-05 4.1015625e-05
0.0017109375 0.0012158203125 1.7578125000000002e-05 3.5156250000000004e-05
0.002560546875 0.002068359375 2.4902343750000002e-05 4.9804687500000004e-05
0.0018779296875 0.000650390625 3.22265625e-05 6.4453125e-05
0.0001318359375 0.0008466796875 1.025390625e-05 2.05078125e-05
0.0021005859375000002 0.0010634765625 2.4902343750000002e-05 4.9804687500000004e-05
0.0018046875 0.00103125 1.611328125e-05 3.22265625e-05
0.001423828125 0.0027275390625 2.9296875e-05 5.859375e-05
0.00151171875 7.031250000000001e-05 1.611328125e-05 3.22265625e-05
0.0017314453125000001 0.000498046875 2.63671875e-05 5.2734375e-05
0.0018632812500000001 0.000498046875 3.955078125e-05 7.91015625e-05
0.002162109375 0.0011689453125 2.05078125e-05 4.1015625e-05
0.0018632812500000001 0.00038671875 1.611328125e-05 3.22265625e-05
5.859375e-06 0.0012919921875 2.34375e-05 4.6875e-05
0.0009580078125 0.0025986328125 1.904296875e-05 3.80859375e-05
0.0009404296875 0.0029736328125 1.904296875e-05 3.80859375e-05
0.00066796875 0.001482421875 1.611328125e-05 3.22265625e-05
0.0020126953125 0.0010166015625 2.4902343750000002e-05 4.9804687500000004e-05
0.0017314453125000001 0.0001083984375 3.662109375e-05 7.32421875e-05
0.0016201171875 0.0013916015625 2.197265625e-05 4.39453125e-05
0.0020595703125 0.000755859375 4.39453125e-05 8.7890625e-05
0.0005712890625 0.0019189453125 1.904296875e-05 3.80859375e-05
0.0002841796875 0.0018691406250000001 2.63671875e-05 5.2734375e-05
0.00228515625 0.0011689453125 4.1015625e-05 8.203125e-05
0.0023671875 0.001037109375 3.662109375e-05 7.32421875e-05
0.001265625 7.031250000000001e-05 3.662109375e-05 7.32421875e-05
0.0018457031250000001 0.000234375 3.076171875e-05 6.15234375e-05
0.0004365234375 0.002056640625 2.34375e-05 4.6875e-05
0.0018632812500000001 2.63671875e-05 4.1015625e-05 8.203125e-05
0.0019716796875 0.002654296875 4.1015625e-05 8.203125e-05
0.0029267578125 0.0019130859375 4.541015625e-05 9.08203125e-05
0.0026982421875 0.001921875 3.22265625e-05 6.4453125e-05
0.0006767578125000001 0.0027333984375 1.611328125e-05 3.22265625e-05
0.0018427734375 0.002759765625 1.171875e-05 2.34375e-05
0.0005712890625 0.0018457031250000001 1.7578125000000002e-05 3.5156250000000004e-05
0.0024873046875 0.0016552734375 2.197265625e-05 4.39453125e-05
0.0022001953125 0.000697265625 3.22265625e-05 6.4453125e-05
0.002185546875 0.0024609375 2.4902343750000002e-05 4.9804687500000004e-05
0.0023876953125 0.002537109375 4.1015625e-05 8.203125e-05
0.0015996093750000001 7.031250000000001e-05 2.783203125e-05 5.56640625e-05
0.0029384765625 0.002390625 5.859375e-06 1.171875e-05
0.0006005859375 0.0029970703125 2.197265625e-05 4.39453125e-05
0.001763671875 0.00153515625 2.197265625e-05 4.39453125e-05
0.0029384765625 0.0024873046875 4.2480468750000004e-05 8.496093750000001e-05
0.0024140625 0.001265625 3.955078125e-05 7.91015625e-05
0.002185546875 0.002595703125 4.2480468750000004e-05 8.496093750000001e-05
0.00207421875 0.0009580078125 1.7578125000000002e-05 3.5156250000000004e-05
0.001634765625 0.001775390625 7.32421875e-06 1.46484375e-05
0.0022265625000000002 0.000580078125 2.783203125e-05 5.56640625e-05
0.0022353515625 0.000955078125 4.1015625e-05 8.203125e-05
0.0026982421875 0.0017724609375 4.2480468750000004e-05 8.496093750000001e-05
0.0 7.32421875e-05 2.9296875e-05 5.859375e-05
0.00230859375 0.0005185546875 2.34375e-05 4.6875e-05
0.00247265625 0.0009580078125 2.9296875e-05 5.859375e-05
0.0024375 0.0005185546875 4.1015625e-05 8.203125e-05
0.00195703125 0.0025078125 2.4902343750000002e-05 4.9804687500000004e-05
0.00244921875 0.0011630859375 1.46484375e-05 2.9296875e-05
0.001951171875 0.0009580078125 1.7578125000000002e-05 3.5156250000000004e-05
0.00237890625 0.001546875 3.662109375e-05 7.32421875e-05
0.0022470703125 0.0013857421875 2.783203125e-05 5.56640625e-05
0.0004423828125 0.00019921875000000001 2.34375e-05 4.6875e-05
0.002185546875 0.002759765625 3.955078125e-05 7.91015625e-05
0.0001318359375 0.000703125 2.05078125e-05 4.1015625e-05
0.001927734375 0.0018134765625 2.05078125e-05 4.1015625e-05
0.00254296875 0.0010927734375 4.39453125e-05 8.7890625e-05
0.0014443359375 0.002876953125 1.171875e-05 2.34375e-05
0.0022001953125 0.0008525390625 1.318359375e-05 2.63671875e-05
0.00258984375 0.0009316406250000001 3.076171875e-05 6.15234375e-05
0.002162109375 0.00125390625 2.197265625e-05 4.39453125e-05
0.00230859375 0.000697265625 2.197265625e-05 4.39453125e-05
0.0024375 0.000380859375 2.783203125e-05 5.56640625e-05
0.0020888671875000002 0.000580078125 4.1015625e-05 8.203125e-05
0.0024375 0.000263671875 3.076171875e-05 6.15234375e-05
0.002677734375 0.000814453125 4.2480468750000004e-05 8.496093750000001e-05
0.00230859375 0.00039843750000000003 3.662109375e-05 7.32421875e-05
0.0029267578125 0.001734375 4.39453125e-05 8.7890625e-05
0.00254296875 0.0002197265625 2.63671875e-05 5.2734375e-05
0.00228515625 0.0012802734375 1.46484375e-05 2.9296875e-05
0.0015908203125 0.0002490234375 2.783203125e-05 5.56640625e-05
0.001265625 0.0001669921875 1.171875e-05 2.34375e-05
0.0029267578125 0.0015791015625 3.369140625e-05 6.73828125e-05
0.00244921875 0.002068359375 3.076171875e-05 6.15234375e-05
0.0020830078125 0.002724609375 1.46484375e-05 2.9296875e-05
0.00234375 0.0007998046875000001 3.22265625e-05 6.4453125e-05
0.0024375 0.000158203125 2.197265625e-05 4.39453125e-05
0.0022822265625 0.002888671875 4.1015625e-05 8.203125e-05
0.0027187500000000002 0.001060546875 4.541015625e-05 9.08203125e-05
0.0024140625 0.0013916015625 2.34375e-05 4.6875e-05
0.002326171875 0.001640625 1.611328125e-05 3.22265625e-05
0.0002431640625 0.0029091796875 1.611328125e-05 3.22265625e-05
0.0027744140625 0.0024873046875 3.955078125e-05 7.91015625e-05
0.0024287109375 0.002677734375 3.22265625e-05 6.4453125e-05
0.001705078125 0.002724609375 1.318359375e-05 2.63671875e-05
0.0024228515625 0.0029296875 3.22265625e-05 6.4453125e-05
0.0029384765625 0.002625 2.63671875e-05 5.2734375e-05
0.0018427734375 0.002830078125 2.34375e-05 4.6875e-05
0.002126953125 0.001658203125 7.32421875e-06 1.46484375e-05
0.00256640625 0.0029296875 3.955078125e-05 7.91015625e-05
0.002396484375 0.000697265625 2.197265625e-05 4.39453125e-05
0.0026630859375 0.00280078125 4.1015625e-05 8.203125e-05
0.0028359375 0.00280078125 4.541015625e-05 9.08203125e-05
0.0007470703125 0.0006064453125 1.611328125e-05 3.22265625e-05
0.0028505859375 0.001130859375 2.9296875e-05 5.859375e-05
0.0028125 0.000814453125 2.4902343750000002e-05 4.9804687500000004e-05
0.0016318359375 0.0011074218750000001 1.46484375e-05 2.9296875e-05
0.0024375 2.34375e-05 4.541015625e-05 9.08203125e-05
0.0019951171875 0.000234375 4.39453125e-05 8.7890625e-05
0.0028359375 0.0029707031250000003 3.955078125e-05 7.91015625e-05
0.001798828125 0.0029355468750000002 3.369140625e-05 6.73828125e-05
0.0028125 0.000703125 3.076171875e-05 6.15234375e-05
0.002578125 2.34375e-05 2.4902343750000002e-05 4.9804687500000004e-05
0.0002548828125 1.171875e-05 2.05078125e-05 4.1015625e-05
0.00282421875 0.0015791015625 1.7578125000000002e-05 3.5156250000000004e-05
0.0024287109375 0.0027861328125 2.197265625e-05 4.39453125e-05
0.0003046875 0.001798828125 1.025390625e-05 2.05078125e-05
0.0016113281250000001 0.000521484375 2.4902343750000002e-05 4.9804687500000004e-05
0.00202734375 2.63671875e-05 4.1015625e-05 8.203125e-05
0.0025693359375000002 0.00263671875 4.1015625e-05 8.203125e-05
0.0014443359375 0.0028212890625000002 1.611328125e-05 3.22265625e-05
0.0029941406250000003 0.00280078125 3.369140625e-05 6.73828125e-05
0.0020537109375 0.0008876953125 1.904296875e-05 3.80859375e-05
0.0007763671875 0.000486328125 1.46484375e-05 2.9296875e-05
0.00266015625 0.001201171875 3.076171875e-05 6.15234375e-05
0.0005244140625 0.0 2.9296875e-05 5.859375e-05
0.0029824218750000003 0.0029707031250000003 3.369140625e-05 6.73828125e-05
0.0026015625 0.001341796875 4.541015625e-05 9.08203125e-05
0.002953125 0.000662109375 4.2480468750000004e-05 8.496093750000001e-05
0.00069140625 2.9296875e-06 2.34375e-05 4.6875e-05
0.0026923828125 0.00263671875 2.05078125e-05 4.1015625e-05
0.002255859375 2.34375e-05 4.541015625e-05 9.08203125e-05
0.0029267578125 0.0014267578125 4.2480468750000004e-05 8.496093750000001e-05
0.0013564453125 0.0029296875 1.171875e-05 2.34375e-05
0.002736328125 0.0016259765625 3.22265625e-05 6.4453125e-05
0.0026484375 0.00017578125 3.076171875e-05 6.15234375e-05
0.0023203125 0.0001845703125 3.80859375e-05 7.6171875e-05
0.002630859375 0.001546875 3.369140625e-05 6.73828125e-05
0.0021591796875 0.00039843750000000003 3.80859375e-05 7.6171875e-05
0.0027861328125 0.0013681640625 3.369140625e-05 6.73828125e-05
0.0021416015625 0.000234375 2.9296875e-05 5.859375e-05
0.0013593750000000001 0.0028212890625000002 2.63671875e-05 5.2734375e-05
0.00277734375 0.0012275390625000001 2.9296875e-05 5.859375e-05
0.00254296875 0.0003310546875 2.9296875e-05 5.859375e-05
0.00275390625 0.0005625000000000001 4.541015625e-05 9.08203125e-05
0.00258984375 0.000697265625 3.076171875e-05 6.15234375e-05
0.002953125 0.0004951171875 4.1015625e-05 8.203125e-05
0.002953125 0.0003310546875 4.1015625e-05 8.203125e-05
0.0028125 0.0003896484375 3.5156250000000004e-05 7.031250000000001e-05
0.00287109375 0.00019921875000000001 3.662109375e-05 7.32421875e-05
0.0028388671875 0.0009316406250000001 3.5156250000000004e-05 7.031250000000001e-05
0.0002431640625 0.0029707031250000003 1.46484375e-05 2.9296875e-05
0.0029443359375 0.0010107421875 3.076171875e-05 6.15234375e-05
0.0014208984375 0.001154296875 2.05078125e-05 4.1015625e-05
0.0019306640625 0.002876953125 2.63671875e-05 5.2734375e-05
0.002630859375 0.0016552734375 2.05078125e-05 4.1015625e-05
0.0015087890625 0.0007236328125 2.4902343750000002e-05 4.9804687500000004e-05
0.001951171875 0.00038671875 2.783203125e-05 5.56640625e-05
0.0021533203125 0.0029853515625 3.955078125e-05 7.91015625e-05
0.0027187500000000002 0.00026953125 2.783203125e-05 5.56640625e-05
1.46484375e-05 0.0004775390625 1.611328125e-05 3.22265625e-05
0.002736328125 0.0015263671875 1.7578125000000002e-05 3.5156250000000004e-05
0.00040136718750000003 0.0006357421875 1.025390625e-05 2.05078125e-05
0.0008876953125 5.859375e-05 1.46484375e-05 2.9296875e-05
0.0027744140625 0.00263671875 2.05078125e-05 4.1015625e-05
0.0014794921875000001 0.0028916015625 7.32421875e-06 1.46484375e-05
0.0020859375 0.0022031250000000002 2.197265625e-05 4.39453125e-05
0.0007470703125 0.000908203125 1.171875e-05 2.34375e-05
0.0024667968750000002 0.00066796875 1.611328125e-05 3.22265625e-05
0.0021533203125 0.0028740234375 1.611328125e-05 3.22265625e-05
0.0009111328125 0.00240234375 1.46484375e-05 2.9296875e-05
0.00249609375 0.0015205078125 2.34375e-05 4.6875e-05
0.0026396484375 0.0021533203125 1.904296875e-05 3.80859375e-05
0.00287109375 4.9804687500000004e-05 3.80859375e-05 7.6171875e-05
0.0029589843750000002 0.001130859375 2.4902343750000002e-05 4.9804687500000004e-05
0.0019863281250000002 0.001951171875 1.611328125e-05 3.22265625e-05
0.0025693359375000002 0.0004482421875 3.076171875e-05 6.15234375e-05
0.001294921875 0.00298828125 3.076171875e-05 6.15234375e-05
0.0029941406250000003 0.0008027343750000001 3.076171875e-05 6.15234375e-05
0.002689453125 0.0003896484375 2.63671875e-05 5.2734375e-05
0.0027275390625 4.9804687500000004e-05 3.369140625e-05 6.73828125e-05
0.0018837890625 0.00103125 2.34375e-05 4.6875e-05
0.0019306640625 0.0029707031250000003 2.05078125e-05 4.1015625e-05
0.00247265625 0.0008583984375 2.05078125e-05 4.1015625e-05
0.0029970703125 0.001294921875 3.22265625e-05 6.4453125e-05
0.002525390625 0.0007880859375 2.34375e-05 4.6875e-05
0.00017578125 0.0015878906250000001 1.611328125e-05 3.22265625e-05
0.0018984375 0.0025517578125 1.171875e-05 2.34375e-05
0.0021416015625 0.0001259765625 2.4902343750000002e-05 4.9804687500000004e-05
0.0026982421875 0.0029707031250000003 2.9296875e-05 5.859375e-05
0.0027509765625 0.002900390625 1.46484375e-05 2.9296875e-05
0.0010986328125 0.002255859375 1.7578125000000002e-05 3.5156250000000004e-05
0.0013710937500000001 0.0005068359375 1.7578125000000002e-05 3.5156250000000004e-05
0.0025693359375000002 0.0005654296875 2.783203125e-05 5.56640625e-05
0.0026513671875 0.0024873046875 2.197265625e-05 4.39453125e-05
0.002009765625 0.001294921875 2.4902343750000002e-05 4.9804687500000004e-05
0.0023232421875 0.0027216796875 2.4902343750000002e-05 4.9804687500000004e-05
0.0029941406250000003 0.00019921875000000001 2.4902343750000002e-05 4.9804687500000004e-05
0.000439453125 0.001330078125 1.611328125e-05 3.22265625e-05
0.0018310546875 0.000755859375 2.05078125e-05 4.1015625e-05
0.0026513671875 0.0023818359375 3.076171875e-05 6.15234375e-05
0.0020390625 0.002876953125 2.783203125e-05 5.56640625e-05
0.0027626953125 0.0023466796875 1.611328125e-05 3.22265625e-05
0.002865234375 0.0012744140625 2.05078125e-05 4.1015625e-05
0.0029619140625 0.002267578125 1.46484375e-05 2.9296875e-05
0.0011015625000000001 0.0019013671875 1.46484375e-05 2.9296875e-05
0.0011279296875 0.0002490234375 3.076171875e-05 6.15234375e-05
0.0004833984375 0.0029970703125 3.369140625e-05 6.73828125e-05
0.00019921875000000001 0.000703125 1.318359375e-05 2.63671875e-05
0.0006826171875000001 0.002619140625 1.7578125000000002e-05 3.5156250000000004e-05
0.002923828125 0.0007734375 7.32421875e-06 1.46484375e-05
0.0016113281250000001 0.0006943359375 2.63671875e-05 5.2734375e-05
0.0028388671875 0.001025390625 1.171875e-05 2.34375e-05
0.0022822265625 0.0024609375 2.34375e-05 4.6875e-05
0.0029941406250000003 0.00010546875 2.197265625e-05 4.39453125e-05
0.0017490234375000001 0.0005712890625 7.32421875e-06 1.46484375e-05
0.0018457031250000001 0.0018398437500000001 1.611328125e-05 3.22265625e-05
0.001201171875 0.0001669921875 2.05078125e-05 4.1015625e-05
0.00036328125 0.0015878906250000001 1.611328125e-05 3.22265625e-05
0.0004248046875 0.0005507812500000001 2.05078125e-05 4.1015625e-05
0.0014150390625 0.0026162109375000003 1.611328125e-05 3.22265625e-05
0.0029941406250000003 1.171875e-05 2.4902343750000002e-05 4.9804687500000004e-05
0.002525390625 0.0027861328125 2.63671875e-05 5.2734375e-05
0.0022822265625 0.0025283203125 1.025390625e-05 2.05078125e-05
0.00108984375 0.0027890625 1.904296875e-05 3.80859375e-05
0.0008466796875 0.0005068359375 2.197265625e-05 4.39453125e-05
0.0008818359375 0.00026953125 2.05078125e-05 4.1015625e-05
0.002806640625 0.0019892578125 2.05078125e-05 4.1015625e-05
0.0016552734375 0.0022500000000000003 2.63671875e-05 5.2734375e-05
0.001576171875 0.0014501953125 1.46484375e-05 2.9296875e-05
0.00062109375 2.9296875e-06 1.171875e-05 2.34375e-05
0.00083203125 0.001013671875 1.904296875e-05 3.80859375e-05
0.00041015625 0.0028330078125000002 1.171875e-05 2.34375e-05
0.002630859375 0.002015625 1.904296875e-05 3.80859375e-05
0.0020654296875 0.0025078125 2.9296875e-05 5.859375e-05
0.0019599609375 0.0005888671875 1.904296875e-05 3.80859375e-05
0.0016787109375 0.001330078125 2.05078125e-05 4.1015625e-05
2.05078125e-05 0.001458984375 1.7578125000000002e-05 3.5156250000000004e-05
8.789062500000001e-06 0.001189453125 2.05078125e-05 4.1015625e-05
0.001376953125 0.000708984375 1.904296875e-05 3.80859375e-05
0.0005625000000000001 0.0023671875 1.611328125e-05 3.22265625e-05
0.0011162109375 0.0029970703125 1.904296875e-05 3.80859375e-05
0.0029091796875 0.0012158203125 1.611328125e-05 3.22265625e-05
0.0017490234375000001 0.002783203125 2.34375e-05 4.6875e-05
0.00104296875 0.0016787109375 1.7578125000000002e-05 3.5156250000000004e-05
0.001376953125 0.0024404296875 2.63671875e-05 5.2734375e-05
0.0026923828125 0.00256640625 1.46484375e-05 2.9296875e-05
0.0008876953125 0.000708984375 2.05078125e-05 4.1015625e-05
0.002865234375 0.002625 1.025390625e-05 2.05078125e-05
0.0011748046875 0.0012802734375 7.32421875e-06 1.46484375e-05
0.0007470703125 0.0009755859375 2.197265625e-05 4.39453125e-05
0.00282421875 0.0015087890625 1.7578125000000002e-05 3.5156250000000004e-05
0.0010107421875 0.0029941406250000003 1.7578125000000002e-05 3.5156250000000004e-05
0.0011396484375 0.0021650390625 1.611328125e-05 3.22265625e-05
0.0003486328125 0.0026572265625 2.4902343750000002e-05 4.9804687500000004e-05
0.0005009765625 0.00013769531250000001 1.904296875e-05 3.80859375e-05
2.9296875e-06 0.00103125 2.63671875e-05 5.2734375e-05
0.00017578125 0.001517578125 1.904296875e-05 3.80859375e-05
0.0027451171875 0.0027070312500000002 1.7578125000000002e-05 3.5156250000000004e-05
0.0010546875 0.000474609375 1.611328125e-05 3.22265625e-05
0.001283203125 0.0007646484375 8.789062500000001e-06 1.7578125000000002e-05
0.002009765625 0.0004482421875 1.46484375e-05 2.9296875e-05
0.0021708984375 0.00104296875 1.171875e-05 2.34375e-05
0.001529296875 0.0014501953125 8.789062500000001e-06 1.7578125000000002e-05
0.0014912109375000001 0.0027861328125 1.318359375e-05 2.63671875e-05
0.0003662109375 0.00200390625 2.05078125e-05 4.1015625e-05
0.001166015625 0.0024287109375 2.05078125e-05 4.1015625e-05
0.0018632812500000001 0.00012890625 1.025390625e-05 2.05078125e-05
0.001376953125 0.001810546875 1.611328125e-05 3.22265625e-05
0.001265625 0.0002138671875 1.171875e-05 2.34375e-05
0.0029941406250000003 0.0009052734375 2.05078125e-05 4.1015625e-05
0.0008876953125 0.00078515625 1.7578125000000002e-05 3.5156250000000004e-05
0.0003720703125 0.00026953125 1.46484375e-05 2.9296875e-05
0.0020771484375000002 0.001658203125 1.7578125000000002e-05 3.5156250000000004e-05
0.0001552734375 0.002044921875 2.05078125e-05 4.1015625e-05
0.000703125 0.002548828125 1.904296875e-05 3.80859375e-05
0.0025576171875 0.0016845703125 1.611328125e-05 3.22265625e-05
0.0019716796875 0.0027685546875 1.611328125e-05 3.22265625e-05
0.0016904296875 0.0025517578125 1.904296875e-05 3.80859375e-05
0.00148828125 0.0002607421875 1.171875e-05 2.34375e-05
0.0008173828125 0.0006826171875000001 7.32421875e-06 1.46484375e-05
9.66796875e-05 0.002396484375 1.171875e-05 2.34375e-05
0.0026220703125 8.203125e-05 1.171875e-05 2.34375e-05
0.00219140625 0.0021943359375 1.46484375e-05 2.9296875e-05
0.0020390625 0.00296484375 1.611328125e-05 3.22265625e-05
0.0006884765625 0.0029970703125 2.197265625e-05 4.39453125e-05
0.0006064453125 0.002783203125 1.7578125000000002e-05 3.5156250000000004e-05
0.0005302734375 0.0002080078125 1.904296875e-05 3.80859375e-05
0.0020771484375000002 0.00033691406250000003 1.318359375e-05 2.63671875e-05
0.0022119140625 0.000181640625 1.46484375e-05 2.9296875e-05
0.001341796875 0.0022587890625 1.7578125000000002e-05 3.5156250000000004e-05
0.00230859375 0.000298828125 1.318359375e-05 2.63671875e-05
0.00249609375 0.0014560546875 8.789062500000001e-06 1.7578125000000002e-05
0.000732421875 0.0027333984375 1.171875e-05 2.34375e-05
0.0024433593750000002 0.0007880859375 1.7578125000000002e-05 3.5156250000000004e-05
0.00234375 0.00090234375 1.904296875e-05 3.80859375e-05
0.0027070312500000002 0.0014560546875 2.05078125e-05 4.1015625e-05
0.0028828125 0.00084375 1.318359375e-05 2.63671875e-05
0.0009316406250000001 0.0 2.197265625e-05 4.39453125e-05
0.0014501953125 0.0015732421875 2.197265625e-05 4.39453125e-05
0.0005654296875 0.0012626953125 1.318359375e-05 2.63671875e-05
0.0022001953125 0.00027832031250000003 7.32421875e-06 1.46484375e-05
0.0029267578125 0.002220703125 1.46484375e-05 2.9296875e-05
0.0016552734375 0.002326171875 1.171875e-05 2.34375e-05
0.001640625 0.000978515625 1.611328125e-05 3.22265625e-05
0.00031640625 0.0008671875 1.318359375e-05 2.63671875e-05
0.0009257812500000001 0.0011953125 1.904296875e-05 3.80859375e-05
0.0013330078125 0.0007646484375 1.611328125e-05 3.22265625e-05
0.0015791015625 0.0009755859375 1.318359375e-05 2.63671875e-05
0.0003486328125 0.001072265625 1.7578125000000002e-05 3.5156250000000004e-05
0.0008935546875 0.0013330078125 2.197265625e-05 4.39453125e-05
0.0003193359375 1.171875e-05 1.171875e-05 2.34375e-05
0.001376953125 0.0021328125 1.904296875e-05 3.80859375e-05
0.0022294921875 0.00240234375 1.171875e-05 2.34375e-05
0.0020478515625 0.002771484375 1.46484375e-05 2.9296875e-05
0.0025810546875000002 0.0025166015625 1.611328125e-05 3.22265625e-05
0.0003486328125 0.0011337890625 1.318359375e-05 2.63671875e-05
0.00234375 0.00240234375 1.904296875e-05 3.80859375e-05
8.496093750000001e-05 0.00075 8.789062500000001e-06 1.7578125000000002e-05
0.002296875 0.000609375 1.025390625e-05 2.05078125e-05
0.0027685546875 0.0001640625 1.7578125000000002e-05 3.5156250000000004e-05
0.0021533203125 0.001693359375 1.46484375e-05 2.9296875e-05
0.0027187500000000002 0.000703125 1.611328125e-05 3.22265625e-05
0.0002841796875 0.0019482421875 1.318359375e-05 2.63671875e-05
0.002583984375 0.0018398437500000001 1.611328125e-05 3.22265625e-05
0.0019658203125 0.001236328125 1.171875e-05 2.34375e-05
0.00066796875 0.0014296875 1.025390625e-05 2.05078125e-05
0.0022646484375 0.002677734375 1.171875e-05 2.34375e-05
0.0021005859375000002 0.00193359375 1.7578125000000002e-05 3.5156250000000004e-05
0.0023525390625000002 0.000609375 1.7578125000000002e-05 3.5156250000000004e-05
0.0 0.0018720703125 1.46484375e-05 2.9296875e-05
0.002138671875 0.0008525390625 1.7578125000000002e-05 3.5156250000000004e-05
0.0015146484375 0.0009316406250000001 8.789062500000001e-06 1.7578125000000002e-05
0.0013564453125 0.0 8.789062500000001e-06 1.7578125000000002e-05
0.001646484375 0.0011630859375 1.171875e-05 2.34375e-05
0.0015234375 0.0028916015625 1.46484375e-05 2.9296875e-05
0.000609375 0.00233203125 1.318359375e-05 2.63671875e-05
0.001171875 0.002255859375 1.904296875e-05 3.80859375e-05
0.0013330078125 0.0009140625 1.46484375e-05 2.9296875e-05
0.0011396484375 0.0020478515625 1.611328125e-05 3.22265625e-05
0.0018251953125 0.00012890625 8.789062500000001e-06 1.7578125000000002e-05
0.0022265625000000002 0.0004951171875 1.46484375e-05 2.9296875e-05
9.08203125e-05 1.171875e-05 2.05078125e-05 4.1015625e-05
0.00268359375 0.0009316406250000001 1.611328125e-05 3.22265625e-05
0.0009521484375 0.00078515625 1.46484375e-05 2.9296875e-05
9.960937500000001e-05 0.002103515625 1.025390625e-05 2.05078125e-05
0.0026396484375 0.0020859375 1.46484375e-05 2.9296875e-05
0.0012099609375 0.0012802734375 1.025390625e-05 2.05078125e-05
0.00233203125 0.001458984375 1.318359375e-05 2.63671875e-05
0.0018984375 0.002759765625 1.611328125e-05 3.22265625e-05
0.001376953125 0.0020625 1.611328125e-05 3.22265625e-05
0.0024111328125 0.0016552734375 1.611328125e-05 3.22265625e-05
0.0018632812500000001 0.0003310546875 1.171875e-05 2.34375e-05
0.0009521484375 0.0011162109375 1.025390625e-05 2.05078125e-05
0.000111328125 0.000380859375 1.318359375e-05 2.63671875e-05
0.00253125 0.0019980468750000003 1.318359375e-05 2.63671875e-05
0.001341796875 0.0017841796875 5.859375e-06 1.171875e-05
0.0028828125 0.0007734375 1.318359375e-05 2.63671875e-05
0.0020888671875000002 0.001294921875 1.46484375e-05 2.9296875e-05
0.00235546875 0.0019833984375 1.7578125000000002e-05 3.5156250000000004e-05
0.001001953125 0.0026572265625 1.7578125000000002e-05 3.5156250000000004e-05
0.001529296875 0.001400390625 1.611328125e-05 3.22265625e-05
0.0001962890625 0.002583984375 1.171875e-05 2.34375e-05
0.0015908203125 0.0001611328125 1.611328125e-05 3.22265625e-05
0.00234375 0.0027919921875 1.171875e-05 2.34375e-05
0.00198046875 0.0006591796875 1.7578125000000002e-05 3.5156250000000004e-05
0.0016962890625 0.0024345703125 1.025390625e-05 2.05078125e-05
0.0005068359375 0.000703125 1.7578125000000002e-05 3.5156250000000004e-05
0.0005712890625 0.002830078125 1.171875e-05 2.34375e-05
0.0020654296875 0.0025927734375000002 1.318359375e-05 2.63671875e-05
0.0 0.001669921875 1.904296875e-05 3.80859375e-05
0.0022646484375 0.0015234375 1.7578125000000002e-05 3.5156250000000004e-05
0.0022998046875 0.0026513671875 1.025390625e-05 2.05078125e-05
0.0004365234375 0.0015205078125 1.318359375e-05 2.63671875e-05
0.0010400390625 0.0024287109375 1.611328125e-05 3.22265625e-05
0.0006738281250000001 0.0019013671875 1.7578125000000002e-05 3.5156250000000004e-05
0.0017314453125000001 0.0 1.7578125000000002e-05 3.5156250000000004e-05
0.0025458984375 0.0014560546875 1.611328125e-05 3.22265625e-05
0.0026513671875 0.000638671875 1.171875e-05 2.34375e-05
0.000228515625 0.0019482421875 1.46484375e-05 2.9296875e-05
0.0015966796875 0.0021884765625 1.611328125e-05 3.22265625e-05
0.0016552734375 0.00046289062500000003 1.171875e-05 2.34375e-05
0.0008056640625000001 0.0018574218750000001 1.46484375e-05 2.9296875e-05
0.0011513671875 0.0013740234375 1.904296875e-05 3.80859375e-05
0.002771484375 0.0014794921875000001 1.171875e-05 2.34375e-05
0.0027070312500000002 0.0012802734375 1.46484375e-05 2.9296875e-05
0.0022119140625 0.0014736328125000001 1.611328125e-05 3.22265625e-05
0.00249609375 0.00140625 1.611328125e-05 3.22265625e-05
0.000732421875 0.002783203125 1.318359375e-05 2.63671875e-05
0.0020419921875 0.00226171875 1.46484375e-05 2.9296875e-05
0.00254296875 0.0001318359375 1.7578125000000002e-05 3.5156250000000004e-05
0.002595703125 0.0014560546875 8.789062500000001e-06 1.7578125000000002e-05
0.002068359375 0.0001259765625 1.171875e-05 2.34375e-05
0.0016611328125 0.0 1.7578125000000002e-05 3.5156250000000004e-05
0.0020302734375 0.0013652343750000001 1.171875e-05 2.34375e-05
0.002794921875 0.0017724609375 5.859375e-06 1.171875e-05
0.0020068359375 0.0009228515625000001 1.025390625e-05 2.05078125e-05
0.00036328125 0.0015263671875 1.46484375e-05 2.9296875e-05
0.0006884765625 0.002806640625 1.171875e-05 2.34375e-05
0.0010078125 0.0 1.611328125e-05 3.22265625e-05
0.0020859375 0.00146484375 1.318359375e-05 2.63671875e-05
0.002138671875 0.0009052734375 8.789062500000001e-06 1.7578125000000002e-05
0.0015849609375 0.001142578125 1.46484375e-05 2.9296875e-05
0.0022119140625 0.001693359375 1.46484375e-05 2.9296875e-05
0.00233203125 0.00140625 1.318359375e-05 2.63671875e-05
0.0010634765625 0.0008935546875 1.025390625e-05 2.05078125e-05
0.00151171875 5.859375e-06 1.611328125e-05 3.22265625e-05
0.000990234375 0.0012421875 1.318359375e-05 2.63671875e-05
0.00261328125 0.0003896484375 5.859375e-06 1.171875e-05
0.002865234375 0.0026748046875 1.46484375e-05 2.9296875e-05
0.0004453125 0.0028798828125 1.7578125000000002e-05 3.5156250000000004e-05
0.001171875 0.0019746093750000002 1.318359375e-05 2.63671875e-05
0.000345703125 0.0013564453125 8.789062500000001e-06 1.7578125000000002e-05
0.0014033203125 0.0022587890625 1.318359375e-05 2.63671875e-05
0.0029912109375 0.0026953125000000002 1.7578125000000002e-05 3.5156250000000004e-05
0.000240234375 0.001025390625 7.32421875e-06 1.46484375e-05
0.00263671875 0.00026953125 1.318359375e-05 2.63671875e-05
0.0022734375 0.0007705078125 5.859375e-06 1.171875e-05
0.00215625 0.0022412109375 1.46484375e-05 2.9296875e-05
0.0002138671875 0.00219140625 1.171875e-05 2.34375e-05
0.0022382812500000003 0.0007968750000000001 1.611328125e-05 3.22265625e-05
0.001376953125 0.00251953125 1.318359375e-05 2.63671875e-05
0.0016552734375 0.0007529296875 1.025390625e-05 2.05078125e-05
0.002244140625 0.0003017578125 1.7578125000000002e-05 3.5156250000000004e-05
0.0008203125 0.00026953125 1.025390625e-05 2.05078125e-05
0.002326171875 0.0029941406250000003 1.611328125e-05 3.22265625e-05
0.00016992187500000002 0.0005947265625 1.46484375e-05 2.9296875e-05
0.00298828125 0.001201171875 1.318359375e-05 2.63671875e-05
0.000626953125 0.0018662109375 1.171875e-05 2.34375e-05
0.0020419921875 0.00144140625 1.171875e-05 2.34375e-05
0.0020302734375 0.00181640625 1.46484375e-05 2.9296875e-05
0.00020214843750000002 0.001798828125 1.171875e-05 2.34375e-05
0.0019833984375 0.00087890625 1.46484375e-05 2.9296875e-05
0.0002841796875 0.0026572265625 7.32421875e-06 1.46484375e-05
0.0010693359375 0.000310546875 1.171875e-05 2.34375e-05
0.0018193359375 0.0016171875000000001 1.171875e-05 2.34375e-05
0.0029267578125 0.0008671875 1.171875e-05 2.34375e-05
0.00015234375 0.00123046875 1.025390625e-05 2.05078125e-05
0.000416015625 0.00226171875 7.32421875e-06 1.46484375e-05
0.00099609375 0.0017138671875000001 1.171875e-05 2.34375e-05
0.00016992187500000002 0.00064453125 1.025390625e-05 2.05078125e-05
0.002818359375 0.00181640625 1.904296875e-05 3.80859375e-05
0.0008701171875 0.0018574218750000001 1.7578125000000002e-05 3.5156250000000004e-05
0.001916015625 0.00012890625 1.611328125e-05 3.22265625e-05
0.0018896484375 0.001224609375 1.7578125000000002e-05 3.5156250000000004e-05
0.0017109375 0.002888671875 1.611328125e-05 3.22265625e-05
0.0016552734375 0.0016083984375 1.318359375e-05 2.63671875e-05
0.00263671875 0.0003193359375 1.171875e-05 2.34375e-05
0.0023203125 0.0013271484375 1.46484375e-05 2.9296875e-05
0.0022294921875 0.0012802734375 1.318359375e-05 2.63671875e-05
0.0029970703125 0.002314453125 1.46484375e-05 2.9296875e-05
0.00140625 0.002876953125 7.32421875e-06 1.46484375e-05
0.0011572265625 0.0019013671875 1.318359375e-05 2.63671875e-05
0.0010078125 0.000509765625 1.318359375e-05 2.63671875e-05
0.001505859375 0.0023994140625 1.46484375e-05 2.9296875e-05
0.0027978515625 0.00188671875 1.7578125000000002e-05 3.5156250000000004e-05
0.002513671875 0.0006328125 1.318359375e-05 2.63671875e-05
0.002841796875 0.0025810546875000002 1.46484375e-05 2.9296875e-05
0.0028125 0.0003017578125 8.789062500000001e-06 1.7578125000000002e-05
0.00253125 0.001248046875 1.318359375e-05 2.63671875e-05
0.0025458984375 0.0016113281250000001 1.46484375e-05 2.9296875e-05
0.002689453125 0.00046582031250000003 1.171875e-05 2.34375e-05
0.00118359375 8.789062500000001e-06 1.46484375e-05 2.9296875e-05
0.00237890625 0.00235546875 1.025390625e-05 2.05078125e-05
0.0014619140625 0.0024228515625 1.025390625e-05 2.05078125e-05
0.0029970703125 0.002220703125 1.46484375e-05 2.9296875e-05
0.0020419921875 0.0003837890625 1.611328125e-05 3.22265625e-05
0.00202734375 0.00140625 7.32421875e-06 1.46484375e-05
0.0005478515625 0.000890625 1.171875e-05 2.34375e-05
0.0018691406250000001 0.0024755859375 8.789062500000001e-06 1.7578125000000002e-05
0.0008173828125 0.000779296875 8.789062500000001e-06 1.7578125000000002e-05
0.0003193359375 0.001013671875 1.46484375e-05 2.9296875e-05
0.00198046875 0.0021474609375 1.171875e-05 2.34375e-05
0.0008935546875 0.0005419921875 7.32421875e-06 1.46484375e-05
0.0024111328125 0.0008583984375 1.025390625e-05 2.05078125e-05
0.0007763671875 0.000544921875 1.46484375e-05 2.9296875e-05
0.00090234375 0.00097265625 1.318359375e-05 2.63671875e-05
0.0022382812500000003 0.001658203125 7.32421875e-06 1.46484375e-05
0.0011806640625 0.0025927734375000002 1.318359375e-05 2.63671875e-05
0.000779296875 0.0022031250000000002 1.025390625e-05 2.05078125e-05
1.46484375e-05 0.000421875 1.171875e-05 2.34375e-05
0.0013037109375 0.000357421875 1.171875e-05 2.34375e-05
0.0023583984375 0.000298828125 1.171875e-05 2.34375e-05
0.001822265625 0.0019716796875 1.46484375e-05 2.9296875e-05
0.0029736328125 0.0023759765625 1.318359375e-05 2.63671875e-05
0.0002841796875 0.0026982421875 1.318359375e-05 2.63671875e-05
0.00121875 0.000732421875 7.32421875e-06 1.46484375e-05
0.0007822265625 0.0022939453125 7.32421875e-06 1.46484375e-05
0.0006181640625 0.0021591796875 1.318359375e-05 2.63671875e-05
0.0010546875 0.0015087890625 8.789062500000001e-06 1.7578125000000002e-05
0.0012099609375 0.001236328125 1.171875e-05 2.34375e-05
0.0020654296875 0.0004482421875 1.318359375e-05 2.63671875e-05
0.002337890625 0.0026513671875 8.789062500000001e-06 1.7578125000000002e-05
0.00198046875 0.0005185546875 1.7578125000000002e-05 3.5156250000000004e-05
0.0022470703125 0.0008525390625 1.025390625e-05 2.05078125e-05
2.9296875e-06 0.0009521484375 1.318359375e-05 2.63671875e-05
0.0029970703125 0.0016318359375 1.025390625e-05 2.05078125e-05
0.0006328125 0.001025390625 1.318359375e-05 2.63671875e-05
0.0003193359375 0.00026953125 1.171875e-05 2.34375e-05
0.0005654296875 0.0006005859375 1.318359375e-05 2.63671875e-05
0.0014150390625 0.002560546875 1.171875e-05 2.34375e-05
0.0004951171875 0.00162890625 1.171875e-05 2.34375e-05
0.0018046875 0.000984375 7.32421875e-06 1.46484375e-05
0.0007763671875 0.002759765625 1.171875e-05 2.34375e-05
0.001376953125 0.0021943359375 1.171875e-05 2.34375e-05
0.000755859375 0.0029970703125 1.171875e-05 2.34375e-05
0.0003486328125 0.001798828125 1.171875e-05 2.34375e-05
0.001798828125 0.0018046875 1.318359375e-05 2.63671875e-05
0.001376953125 0.0018720703125 1.46484375e-05 2.9296875e-05
0.00097265625 0.0012861328125 8.789062500000001e-06 1.7578125000000002e-05
8.789062500000001e-06 0.0011162109375 1.318359375e-05 2.63671875e-05
0.0008203125 0.002759765625 1.025390625e-05 2.05078125e-05
0.00013769531250000001 0.0027216796875 7.32421875e-06 1.46484375e-05
0.000474609375 0.0012333984375000001 1.171875e-05 2.34375e-05
0.0020126953125 0.001083984375 8.789062500000001e-06 1.7578125000000002e-05
0.0007529296875 0.0003720703125 1.318359375e-05 2.63671875e-05
0.0003720703125 1.171875e-05 1.46484375e-05 2.9296875e-05
0.001236328125 0.00104296875 7.32421875e-06 1.46484375e-05
0.001236328125 0.0015029296875 1.171875e-05 2.34375e-05
0.001236328125 0.001453125 1.318359375e-05 2.63671875e-05
0.0012421875 0.0025927734375000002 1.7578125000000002e-05 3.5156250000000004e-05
0.0015234375 0.000287109375 1.025390625e-05 2.05078125e-05
0.0024814453125 0.0028681640625000003 1.025390625e-05 2.05078125e-05
0.0016171875000000001 0.0010224609375 8.789062500000001e-06 1.7578125000000002e-05
0.000392578125 0.0029970703125 1.171875e-05 2.34375e-05
0.0029355468750000002 0.0028828125 1.611328125e-05 3.22265625e-05
0.0020830078125 0.0026689453125 1.318359375e-05 2.63671875e-05
0.0002958984375 0.0003134765625 1.318359375e-05 2.63671875e-05
0.000439453125 0.0019482421875 1.171875e-05 2.34375e-05
0.0001962890625 0.0029707031250000003 8.789062500000001e-06 1.7578125000000002e-05
0.00116015625 0.0012451171875000001 1.171875e-05 2.34375e-05
8.7890625e-05 0.0015234375 1.318359375e-05 2.63671875e-05
0.000474609375 0.0012802734375 1.171875e-05 2.34375e-05
0.001916015625 0.0024404296875 1.171875e-05 2.34375e-05
0.0001962890625 0.0028740234375 1.318359375e-05 2.63671875e-05
0.0003837890625 0.0025576171875 1.025390625e-05 2.05078125e-05
0.0004951171875 0.0005302734375 1.611328125e-05 3.22265625e-05
0.0019072265625 0.0003076171875 1.318359375e-05 2.63671875e-05
0.0010634765625 0.0009375 1.171875e-05 2.34375e-05
0.002583984375 0.0017841796875 1.171875e-05 2.34375e-05
0.0027421875000000003 0.0009316406250000001 1.318359375e-05 2.63671875e-05
0.000421875 0.0015878906250000001 1.318359375e-05 2.63671875e-05
0.0012392578125000001 0.0002490234375 1.025390625e-05 2.05078125e-05
0.00287109375 0.002220703125 1.318359375e-05 2.63671875e-05
0.0004306640625 0.00234375 1.171875e-05 2.34375e-05
0.0013330078125 0.0019921875 1.171875e-05 2.34375e-05
0.0023701171875 0.0028271484375 1.025390625e-05 2.05078125e-05
0.000873046875 0.002126953125 1.025390625e-05 2.05078125e-05
0.0013535156250000001 0.0026982421875 8.789062500000001e-06 1.7578125000000002e-05
0.0013154296875 0.0001669921875 1.318359375e-05 2.63671875e-05
5.859375e-05 0.0009521484375 1.46484375e-05 2.9296875e-05
0.0012099609375 0.00132421875 1.171875e-05 2.34375e-05
0.0007822265625 0.00066796875 1.171875e-05 2.34375e-05
0.0027978515625 0.0002666015625 1.025390625e-05 2.05078125e-05
0.002537109375 0.0008583984375 1.171875e-05 2.34375e-05
0.000111328125 0.0003310546875 1.171875e-05 2.34375e-05
0.0028125 0.0017490234375000001 8.789062500000001e-06 1.7578125000000002e-05
0.0016787109375 0.0012744140625 7.32421875e-06 1.46484375e-05
0.0028505859375 0.0003017578125 1.025390625e-05 2.05078125e-05
0.0018251953125 0.00148828125 1.171875e-05 2.34375e-05
0.000708984375 0.000908203125 7.32421875e-06 1.46484375e-05
0.0021416015625 4.9804687500000004e-05 1.318359375e-05 2.63671875e-05
0.0010546875 0.0015498046875 1.171875e-05 2.34375e-05
0.0006181640625 0.0022060546875 1.025390625e-05 2.05078125e-05
0.001435546875 0.000708984375 1.025390625e-05 2.05078125e-05
0.0025458984375 0.001212890625 5.859375e-06 1.171875e-05
0.0007001953125 0.0006416015625 1.318359375e-05 2.63671875e-05
0.001376953125 0.001927734375 1.318359375e-05 2.63671875e-05
5.859375e-06 0.0013593750000000001 1.025390625e-05 2.05078125e-05
0.0006767578125000001 0.002677734375 1.171875e-05 2.34375e-05
0.002900390625 0.0013212890625 8.789062500000001e-06 1.7578125000000002e-05
0.000837890625 0.0022382812500000003 7.32421875e-06 1.46484375e-05
0.0017109375 0.00294140625 1.025390625e-05 2.05078125e-05
0.0009052734375 0.00046289062500000003 1.46484375e-05 2.9296875e-05
0.0018662109375 0.0008027343750000001 8.789062500000001e-06 1.7578125000000002e-05
0.0009580078125 0.0017138671875000001 7.32421875e-06 1.46484375e-05
0.00258984375 0.0023232421875 1.171875e-05 2.34375e-05
0.0024667968750000002 0.0007265625 1.318359375e-05 2.63671875e-05
0.0027861328125 0.002390625 8.789062500000001e-06 1.7578125000000002e-05
0.00282421875 0.0016318359375 8.789062500000001e-06 1.7578125000000002e-05
0.0016904296875 0.0011396484375 1.318359375e-05 2.63671875e-05
0.0016611328125 0.000205078125 1.171875e-05 2.34375e-05
0.00174609375 0.0013740234375 1.171875e-05 2.34375e-05
0.0018193359375 0.00041015625 8.789062500000001e-06 1.7578125000000002e-05
0.0016904296875 0.0026015625 5.859375e-06 1.171875e-05
0.0024609375 0.0014560546875 8.789062500000001e-06 1.7578125000000002e-05
0.0021943359375 0.0010869140625 1.318359375e-05 2.63671875e-05
0.00075 0.001904296875 1.318359375e-05 2.63671875e-05
0.0021796875 0.0007968750000000001 1.318359375e-05 2.63671875e-05
0.0007529296875 0.000427734375 1.46484375e-05 2.9296875e-05
0.002583984375 0.001740234375 1.025390625e-05 2.05078125e-05
0.000591796875 0.0022412109375 1.171875e-05 2.34375e-05
0.0023994140625 0.0011630859375 1.025390625e-05 2.05078125e-05
0.000486328125 0.0014853515625000001 1.46484375e-05 2.9296875e-05
0.000873046875 0.001400390625 1.025390625e-05 2.05078125e-05
0.0015146484375 0.0027421875000000003 1.171875e-05 2.34375e-05
0.0024052734375 0.0023203125 1.171875e-05 2.34375e-05
0.000509765625 0.002009765625 1.025390625e-05 2.05078125e-05
0.000515625 0.0012802734375 8.789062500000001e-06 1.7578125000000002e-05
0.0018955078125 0.0009580078125 1.025390625e-05 2.05078125e-05
0.0020537109375 0.0018984375 1.171875e-05 2.34375e-05
0.002689453125 0.002015625 1.025390625e-05 2.05078125e-05
0.002578125 0.001212890625 1.025390625e-05 2.05078125e-05
0.0028125 0.0017021484375 1.46484375e-05 2.9296875e-05
0.0012509765625 0.0009140625 8.789062500000001e-06 1.7578125000000002e-05
0.001552734375 0.002255859375 1.025390625e-05 2.05078125e-05
0.0022880859375 0.001458984375 8.789062500000001e-06 1.7578125000000002e-05
0.00078515625 0.0002958984375 1.171875e-05 2.34375e-05
0.00148828125 0.000966796875 1.318359375e-05 2.63671875e-05
0.00200390625 0.0024404296875 1.46484375e-05 2.9296875e-05
0.0010634765625 0.002208984375 1.171875e-05 2.34375e-05
0.000779296875 0.0022470703125 1.171875e-05 2.34375e-05
0.00024609375 0.001798828125 1.025390625e-05 2.05078125e-05
0.0013681640625 0.0026630859375 1.025390625e-05 2.05078125e-05
0.001921875 0.0008994140625 1.171875e-05 2.34375e-05
0.00268359375 0.0022998046875 1.171875e-05 2.34375e-05
0.00212109375 0.0009931640625000001 1.171875e-05 2.34375e-05
0.0017314453125000001 0.00244921875 8.789062500000001e-06 1.7578125000000002e-05
0.0011865234375 0.0021298828125 1.318359375e-05 2.63671875e-05
0.0024111328125 0.0008994140625 1.025390625e-05 2.05078125e-05
0.001541015625 0.0019863281250000002 7.32421875e-06 1.46484375e-05
0.000955078125 0.00046289062500000003 1.025390625e-05 2.05078125e-05
0.0020244140625 0.001658203125 8.789062500000001e-06 1.7578125000000002e-05
0.0010576171875 0.0018779296875 1.025390625e-05 2.05078125e-05
0.0006328125 0.001072265625 1.025390625e-05 2.05078125e-05
0.00263671875 0.0014560546875 1.171875e-05 2.34375e-05
0.0004072265625 0.002701171875 1.171875e-05 2.34375e-05
0.000146484375 0.0003046875 1.025390625e-05 2.05078125e-05
0.001423828125 0.00209765625 1.025390625e-05 2.05078125e-05
0.0024814453125 0.0029912109375 1.025390625e-05 2.05078125e-05
0.0023466796875 0.0013623046875 7.32421875e-06 1.46484375e-05
7.32421875e-05 0.00125390625 1.46484375e-05 2.9296875e-05
0.001212890625 0.0014091796875 1.171875e-05 2.34375e-05
0.00284765625 0.0004951171875 1.171875e-05 2.34375e-05
0.001921875 0.0028037109375 8.789062500000001e-06 1.7578125000000002e-05
0.0016113281250000001 0.0014765625 7.32421875e-06 1.46484375e-05
0.0021064453125 0.0009052734375 7.32421875e-06 1.46484375e-05
0.0012509765625 0.001078125 1.171875e-05 2.34375e-05
0.0012099609375 0.0013652343750000001 8.789062500000001e-06 1.7578125000000002e-05
0.000181640625 0.0029355468750000002 1.025390625e-05 2.05078125e-05
0.0004423828125 0.00226171875 5.859375e-06 1.171875e-05
0.0028623046875 0.0005302734375 7.32421875e-06 1.46484375e-05
0.00196875 0.00012890625 1.025390625e-05 2.05078125e-05
0.0022705078125 0.0029941406250000003 1.171875e-05 2.34375e-05
0.0002548828125 7.32421875e-05 1.025390625e-05 2.05078125e-05
0.001048828125 0.002244140625 7.32421875e-06 1.46484375e-05
0.0029970703125 0.0025810546875000002 1.025390625e-05 2.05078125e-05
0.0004248046875 0.0004892578125 1.025390625e-05 2.05078125e-05
0.0020537109375 0.0018603515625 7.32421875e-06 1.46484375e-05
0.002232421875 0.001880859375 7.32421875e-06 1.46484375e-05
0.001529296875 0.00235546875 7.32421875e-06 1.46484375e-05
0.001037109375 0.0026103515625 1.171875e-05 2.34375e-05
0.0012890625 0.0028505859375 1.171875e-05 2.34375e-05
0.0012890625 0.00289453125 1.025390625e-05 2.05078125e-05
0.0016494140625 0.00029296875 8.789062500000001e-06 1.7578125000000002e-05
0.0019863281250000002 0.00179296875 1.025390625e-05 2.05078125e-05
0.002724609375 0.000451171875 7.32421875e-06 1.46484375e-05
0.002244140625 0.0002490234375 8.789062500000001e-06 1.7578125000000002e-05
0.001681640625 0.0023994140625 8.789062500000001e-06 1.7578125000000002e-05
0.002091796875 0.002794921875 1.025390625e-05 2.05078125e-05
0.0022998046875 0.002607421875 1.171875e-05 2.34375e-05
0.0006064453125 0.001798828125 1.171875e-05 2.34375e-05
0.000544921875 0.0005302734375 8.789062500000001e-06 1.7578125000000002e-05
0.0011865234375 0.000732421875 8.789062500000001e-06 1.7578125000000002e-05
0.0018369140625 0.000984375 8.789062500000001e-06 1.7578125000000002e-05
0.0019716796875 0.002818359375 8.789062500000001e-06 1.7578125000000002e-05
0.00242578125 0.0011191406250000001 1.025390625e-05 2.05078125e-05
0.0026513671875 0.00059765625 8.789062500000001e-06 1.7578125000000002e-05
0.0001142578125 0.00155859375 8.789062500000001e-06 1.7578125000000002e-05
0.0014560546875 0.001201171875 8.789062500000001e-06 1.7578125000000002e-05
0.00065625 0.001740234375 1.025390625e-05 2.05078125e-05
0.00277734375 0.0011572265625 5.859375e-06 1.171875e-05
0.00240234375 0.002197265625 1.318359375e-05 2.63671875e-05
0.0016904296875 0.0023115234375 7.32421875e-06 1.46484375e-05
0.0023056640625 0.0019833984375 7.32421875e-06 1.46484375e-05
0.0021943359375 0.001306640625 8.789062500000001e-06 1.7578125000000002e-05
0.000310546875 0.001341796875 1.025390625e-05 2.05078125e-05
0.0005537109375000001 0.000263671875 5.859375e-06 1.171875e-05
0.0020390625 0.00193359375 7.32421875e-06 1.46484375e-05
0.0022822265625 0.0008671875 8.789062500000001e-06 1.7578125000000002e-05
0.0020390625 0.0019658203125 8.789062500000001e-06 1.7578125000000002e-05
0.0016025390625 0.0010576171875 1.025390625e-05 2.05078125e-05
0.0014208984375 0.001810546875 5.859375e-06 1.171875e-05
0.0021416015625 2.9296875e-06 1.025390625e-05 2.05078125e-05
0.0003720703125 0.000216796875 1.171875e-05 2.34375e-05
0.00075 0.0018574218750000001 1.025390625e-05 2.05078125e-05
0.0014501953125 0.001505859375 1.171875e-05 2.34375e-05
0.000216796875 0.001763671875 7.32421875e-06 1.46484375e-05
0.001341796875 0.0001318359375 8.789062500000001e-06 1.7578125000000002e-05
0.000955078125 0.0005068359375 1.171875e-05 2.34375e-05
0.00116015625 0.0020947265625 8.789062500000001e-06 1.7578125000000002e-05
0.0016669921875 0.002888671875 5.859375e-06 1.171875e-05
0.00240234375 0.002150390625 1.025390625e-05 2.05078125e-05
0.0011396484375 0.0022119140625 7.32421875e-06 1.46484375e-05
0.0005126953125 0.0009052734375 7.32421875e-06 1.46484375e-05
0.0004365234375 0.00010546875 8.789062500000001e-06 1.7578125000000002e-05
0.0017724609375 0.0018398437500000001 8.789062500000001e-06 1.7578125000000002e-05
0.000369140625 0.0008671875 1.318359375e-05 2.63671875e-05
0.002501953125 0.0015878906250000001 1.025390625e-05 2.05078125e-05
0.0017958984375 0.0008027343750000001 8.789062500000001e-06 1.7578125000000002e-05
0.0019863281250000002 0.0019980468750000003 7.32421875e-06 1.46484375e-05
9.08203125e-05 7.32421875e-05 1.025390625e-05 2.05078125e-05
0.00015234375 0.0028505859375 1.171875e-05 2.34375e-05
9.08203125e-05 0.000111328125 8.789062500000001e-06 1.7578125000000002e-05
0.00027539062500000003 0.0024169921875 1.171875e-05 2.34375e-05
0.0014560546875 0.0017958984375 1.318359375e-05 2.63671875e-05
0.00034277343750000003 0.00090234375 8.789062500000001e-06 1.7578125000000002e-05
0.0003193359375 0.00023144531250000002 7.32421875e-06 1.46484375e-05
0.0027890625 0.0027070312500000002 4.3945312500000005e-06 8.789062500000001e-06
0.0019892578125 0.00296484375 8.789062500000001e-06 1.7578125000000002e-05
0.0026484375 2.9296875e-06 1.171875e-05 2.34375e-05
0.000837890625 0.0021533203125 1.171875e-05 2.34375e-05
0.000814453125 0.001810546875 7.32421875e-06 1.46484375e-05
0.0024873046875 0.0025751953125 1.025390625e-05 2.05078125e-05
0.0002666015625 0.002865234375 8.789062500000001e-06 1.7578125000000002e-05
0.0025107421875 0.00253125 1.46484375e-05 2.9296875e-05
0.0016904296875 0.002759765625 5.859375e-06 1.171875e-05
0.0026279296875 0.0018632812500000001 8.789062500000001e-06 1.7578125000000002e-05
0.001634765625 0.0025517578125 8.789062500000001e-06 1.7578125000000002e-05
0.00090234375 0.0010869140625 8.789062500000001e-06 1.7578125000000002e-05
0.00242578125 0.0014560546875 8.789062500000001e-06 1.7578125000000002e-05
0.002384765625 0.0011279296875 8.789062500000001e-06 1.7578125000000002e-05
0.000134765625 0.001171875 7.32421875e-06 1.46484375e-05
0.000287109375 0.0029941406250000003 1.025390625e-05 2.05078125e-05
0.0001904296875 0.0019980468750000003 8.789062500000001e-06 1.7578125000000002e-05
0.00046582031250000003 0.0023701171875 1.025390625e-05 2.05078125e-05
0.001248046875 0.0007646484375 8.789062500000001e-06 1.7578125000000002e-05
9.960937500000001e-05 0.002220703125 1.025390625e-05 2.05078125e-05
0.00121875 0.0007587890625 5.859375e-06 1.171875e-05
0.0003486328125 0.0029970703125 1.025390625e-05 2.05078125e-05
0.002859375 0.0016318359375 8.789062500000001e-06 1.7578125000000002e-05
0.0014208984375 0.001095703125 8.789062500000001e-06 1.7578125000000002e-05
0.0012802734375 0.0017109375 5.859375e-06 1.171875e-05
5.56640625e-05 0.000421875 8.789062500000001e-06 1.7578125000000002e-05
0.0011455078125 0.0027890625 8.789062500000001e-06 1.7578125000000002e-05
0.0015732421875 0.0013564453125 7.32421875e-06 1.46484375e-05
0.0016054687500000001 0.0024814453125 8.789062500000001e-06 1.7578125000000002e-05
0.0022294921875 0.0023642578125000003 7.32421875e-06 1.46484375e-05
0.000744140625 0.0021884765625 8.789062500000001e-06 1.7578125000000002e-05
0.0009462890625 0.0026572265625 1.025390625e-05 2.05078125e-05
0.0029970703125 0.0015263671875 1.025390625e-05 2.05078125e-05
0.000708984375 0.00040429687500000003 1.025390625e-05 2.05078125e-05
0.0017841796875 0.0005712890625 1.025390625e-05 2.05078125e-05
0.0010810546875 0.000439453125 5.859375e-06 1.171875e-05
0.0015029296875 0.0017958984375 1.025390625e-05 2.05078125e-05
0.0014794921875000001 0.00118359375 5.859375e-06 1.171875e-05
0.0010546875 0.0027421875000000003 1.025390625e-05 2.05078125e-05
0.00029296875 0.002513671875 1.025390625e-05 2.05078125e-05
0.0021005859375000002 0.000474609375 8.789062500000001e-06 1.7578125000000002e-05
