0.003 0.003 0.0001998046875
0.0019775390625 0.00059765625 1.025390625e-05 2.05078125e-05
0.0018691406250000001 0.00059765625 4.39453125e-05 8.7890625e-05
0.0017373046875000001 0.00052734375 3.076171875e-05 6.15234375e-05
0.0020859375 0.00059765625 4.39453125e-05 8.7890625e-05
0.0022177734375 0.0006796875000000001 3.369140625e-05 6.73828125e-05
0.0023203125 0.00064453125 2.05078125e-05 4.1015625e-05
0.0017373046875000001 0.000638671875 2.4902343750000002e-05 4.9804687500000004e-05
0.002267578125 0.00057421875 2.34375e-05 4.6875e-05
0.0016171875000000001 0.000638671875 3.5156250000000004e-05 7.031250000000001e-05
0.002138671875 0.00078515625 3.22265625e-05 6.4453125e-05
0.0017373046875000001 0.0003837890625 4.1015625e-05 8.203125e-05
0.0020859375 0.0004365234375 3.662109375e-05 7.32421875e-05
0.00242578125 0.0006005859375 3.662109375e-05 7.32421875e-05
0.0018691406250000001 0.0007529296875 3.369140625e-05 6.73828125e-05
0.002033203125 0.0008642578125 3.369140625e-05 6.73828125e-05
0.0015937500000000001 0.0003837890625 3.076171875e-05 6.15234375e-05
0.0022265625000000002 0.0003955078125 3.662109375e-05 7.32421875e-05
0.0023701171875 0.0003955078125 3.5156250000000004e-05 7.031250000000001e-05
0.002513671875 0.0003955078125 3.662109375e-05 7.32421875e-05
0.002548828125 0.00029296875 1.7578125000000002e-05 3.5156250000000004e-05
0.00198046875 0.000357421875 2.9296875e-05 5.859375e-05
0.0016171875000000001 0.0007822265625 3.662109375e-05 7.32421875e-05
0.0015937500000000001 0.0002724609375 2.4902343750000002e-05 4.9804687500000004e-05
0.0014443359375 0.0003837890625 4.39453125e-05 8.7890625e-05
0.002671875 0.0003955078125 4.2480468750000004e-05 8.496093750000001e-05
0.00198046875 0.00023144531250000002 3.369140625e-05 6.73828125e-05
0.0018662109375 0.00023144531250000002 2.34375e-05 4.6875e-05
0.0013037109375 0.0003251953125 3.22265625e-05 6.4453125e-05
0.00188671875 0.0003017578125 1.318359375e-05 2.63671875e-05
0.0028125 0.00033691406250000003 3.369140625e-05 6.73828125e-05
0.0018662109375 9.375e-05 4.541015625e-05 9.08203125e-05
0.0013916015625 0.0002080078125 4.1015625e-05 8.203125e-05
0.0015937500000000001 0.00013769531250000001 4.2480468750000004e-05 8.496093750000001e-05
0.0013037109375 0.0004453125 2.783203125e-05 5.56640625e-05
0.0016171875000000001 0.000544921875 1.171875e-05 2.34375e-05
0.0016171875000000001 0.000896484375 2.05078125e-05 4.1015625e-05
0.0015937500000000001 1.46484375e-05 1.904296875e-05 3.80859375e-05
0.001529296875 0.000896484375 2.34375e-05 4.6875e-05
0.0021826171875 0.000890625 2.4902343750000002e-05 4.9804687500000004e-05
0.0018691406250000001 0.00087890625 2.9296875e-05 5.859375e-05
0.001470703125 0.0009580078125 1.904296875e-05 3.80859375e-05
0.00242578125 0.00050390625 1.171875e-05 2.34375e-05
0.001470703125 0.0010810546875 4.2480468750000004e-05 8.496093750000001e-05
0.0012744140625 0.000181640625 1.904296875e-05 3.80859375e-05
0.002671875 0.0005625000000000001 4.1015625e-05 8.203125e-05
0.0020771484375000002 0.0009697265625 2.34375e-05 4.6875e-05
0.0028212890625000002 0.0005625000000000001 3.369140625e-05 6.73828125e-05
0.001341796875 0.0010810546875 2.197265625e-05 4.39453125e-05
0.00249609375 0.0006943359375 2.197265625e-05 4.39453125e-05
0.0025224609375 0.00017578125 4.2480468750000004e-05 8.496093750000001e-05
0.00287109375 0.00027539062500000003 8.789062500000001e-06 1.7578125000000002e-05
0.00212109375 0.0001904296875 3.955078125e-05 7.91015625e-05
0.001236328125 0.0011250000000000001 3.5156250000000004e-05 7.031250000000001e-05
0.0029677734375 0.0005625000000000001 3.955078125e-05 7.91015625e-05
0.0025810546875000002 3.5156250000000004e-05 3.369140625e-05 6.73828125e-05
0.0026865234375 0.00017578125 3.955078125e-05 7.91015625e-05
0.001294921875 0.0009931640625000001 2.783203125e-05 5.56640625e-05
0.001236328125 0.0012392578125000001 2.197265625e-05 4.39453125e-05
0.0028212890625000002 0.000662109375 1.611328125e-05 3.22265625e-05
0.00169921875 1.46484375e-05 3.369140625e-05 6.73828125e-05
0.0011250000000000001 0.0012392578125000001 3.369140625e-05 6.73828125e-05
0.001693359375 0.000896484375 1.7578125000000002e-05 3.5156250000000004e-05
0.001646484375 0.0010810546875 4.541015625e-05 9.08203125e-05
0.001306640625 0.0013330078125 3.662109375e-05 7.32421875e-05
0.002841796875 0.000732421875 2.05078125e-05 4.1015625e-05
0.002841796875 0.0008583984375 4.2480468750000004e-05 8.496093750000001e-05
0.0013916015625 3.5156250000000004e-05 4.541015625e-05 9.08203125e-05
0.0014853515625000001 0.000638671875 3.076171875e-05 6.15234375e-05
0.0017373046875000001 0.000955078125 1.904296875e-05 3.80859375e-05
0.0029736328125 0.0009404296875 3.5156250000000004e-05 7.031250000000001e-05
0.0022646484375 0.0008291015625 2.63671875e-05 5.2734375e-05
0.0027041015625 3.5156250000000004e-05 2.783203125e-05 5.56640625e-05
0.0022177734375 6.15234375e-05 4.1015625e-05 8.203125e-05
0.0011865234375 0.0004189453125 3.22265625e-05 6.4453125e-05
0.001435546875 0.0014296875 4.39453125e-05 8.7890625e-05
0.0025751953125 0.0007998046875000001 4.39453125e-05 8.7890625e-05
0.0011630859375 0.000181640625 3.662109375e-05 7.32421875e-05
0.0023642578125000003 0.00017578125 3.662109375e-05 7.32421875e-05
0.0012041015625 4.1015625e-05 3.662109375e-05 7.32421875e-05
0.0014853515625000001 0.0005419921875 1.7578125000000002e-05 3.5156250000000004e-05
0.001400390625 0.0008642578125 3.955078125e-05 7.91015625e-05
0.00121875 0.0014501953125 3.662109375e-05 7.32421875e-05
0.00176953125 0.00023144531250000002 2.4902343750000002e-05 4.9804687500000004e-05
0.0011923828125 0.0009580078125 2.63671875e-05 5.2734375e-05
0.001001953125 0.000181640625 4.39453125e-05 8.7890625e-05
0.0013798828125 0.000638671875 2.197265625e-05 4.39453125e-05
0.0029736328125 0.0010869140625 3.80859375e-05 7.6171875e-05
0.0011923828125 0.0008408203125 3.22265625e-05 6.4453125e-05
0.0029707031250000003 0.00027539062500000003 4.1015625e-05 8.203125e-05
0.001001953125 0.000345703125 3.80859375e-05 7.6171875e-05
0.0024111328125 8.7890625e-05 1.318359375e-05 2.63671875e-05
0.0028916015625 0.000662109375 1.904296875e-05 3.80859375e-05
0.00284765625 0.00023144531250000002 1.611328125e-05 3.22265625e-05
0.0027070312500000002 0.0008583984375 2.4902343750000002e-05 4.9804687500000004e-05
0.0029736328125 0.0012099609375 2.34375e-05 4.6875e-05
0.0011865234375 0.0003046875 2.4902343750000002e-05 4.9804687500000004e-05
0.002841796875 3.5156250000000004e-05 4.1015625e-05 8.203125e-05
0.0021796875 0.0010048828125 3.076171875e-05 6.15234375e-05
0.0011923828125 0.0007265625 2.4902343750000002e-05 4.9804687500000004e-05
0.0012919921875 0.0007265625 2.4902343750000002e-05 4.9804687500000004e-05
0.001001953125 3.80859375e-05 2.783203125e-05 5.56640625e-05
0.002408203125 0.00028125000000000003 2.05078125e-05 4.1015625e-05
0.00155859375 0.000966796875 1.46484375e-05 2.9296875e-05
0.0023759765625 0.0008291015625 2.9296875e-05 5.859375e-05
0.001072265625 0.0008408203125 2.783203125e-05 5.56640625e-05
0.0011865234375 0.000544921875 3.076171875e-05 6.15234375e-05
0.001435546875 0.001552734375 1.7578125000000002e-05 3.5156250000000004e-05
0.0024550781250000002 0.0009345703125000001 3.662109375e-05 7.32421875e-05
0.00103125 0.0007001953125 4.541015625e-05 9.08203125e-05
0.0028212890625000002 0.000451171875 2.197265625e-05 4.39453125e-05
0.00205078125 9.66796875e-05 1.904296875e-05 3.80859375e-05
0.0028740234375 0.0012099609375 2.63671875e-05 5.2734375e-05
0.00275390625 0.000732421875 2.34375e-05 4.6875e-05
0.0022529296875 0.00027832031250000003 2.34375e-05 4.6875e-05
0.0013476562500000001 0.0015996093750000001 3.22265625e-05 6.4453125e-05
0.0010869140625 0.001037109375 3.955078125e-05 7.91015625e-05
0.0029736328125 0.0008203125 2.4902343750000002e-05 4.9804687500000004e-05
0.0027070312500000002 0.000990234375 4.1015625e-05 8.203125e-05
0.0025546875 0.0005625000000000001 1.7578125000000002e-05 3.5156250000000004e-05
0.0009462890625 0.00099609375 3.369140625e-05 6.73828125e-05
0.0008056640625000001 0.0010546875 4.2480468750000004e-05 8.496093750000001e-05
0.001552734375 0.001552734375 4.1015625e-05 8.203125e-05
0.00103125 0.0005507812500000001 2.9296875e-05 5.859375e-05
0.0008818359375 3.80859375e-05 3.22265625e-05 6.4453125e-05
0.0007412109375 9.66796875e-05 4.39453125e-05 8.7890625e-05
0.000861328125 0.00038671875 3.5156250000000004e-05 7.031250000000001e-05
0.00127734375 0.0017314453125000001 4.2480468750000004e-05 8.496093750000001e-05
0.002337890625 0.0009609375 2.34375e-05 4.6875e-05
0.0028740234375 0.0013125 2.4902343750000002e-05 4.9804687500000004e-05
0.00256640625 0.001048828125 3.5156250000000004e-05 7.031250000000001e-05
0.0008056640625000001 0.0009228515625000001 2.34375e-05 4.6875e-05
0.002015625 0.0010517578125 2.783203125e-05 5.56640625e-05
0.0029560546875 0.0013740234375 2.63671875e-05 5.2734375e-05
0.00113671875 0.0017314453125000001 2.783203125e-05 5.56640625e-05
0.0010546875 0.0014501953125 4.541015625e-05 9.08203125e-05
0.00242578125 0.0011074218750000001 4.1015625e-05 8.203125e-05
0.001552734375 0.001693359375 2.9296875e-05 5.859375e-05
0.0017783203125 0.0011630859375 3.22265625e-05 6.4453125e-05
0.0008056640625000001 0.0008056640625000001 3.5156250000000004e-05 7.031250000000001e-05
0.0018691406250000001 0.0010224609375 4.2480468750000004e-05 8.496093750000001e-05
0.0022529296875 0.0001962890625 1.7578125000000002e-05 3.5156250000000004e-05
0.0006767578125000001 0.0010546875 2.197265625e-05 4.39453125e-05
0.0029853515625 3.5156250000000004e-05 3.076171875e-05 6.15234375e-05
0.00289453125 0.0014560546875 2.4902343750000002e-05 4.9804687500000004e-05
0.0006240234375 0.0002197265625 4.1015625e-05 8.203125e-05
0.0010166015625 0.001130859375 1.904296875e-05 3.80859375e-05
0.000861328125 0.000515625 2.9296875e-05 5.859375e-05
0.0017783203125 0.0012919921875 3.22265625e-05 6.4453125e-05
0.001693359375 0.00151171875 3.22265625e-05 6.4453125e-05
0.0009140625 0.0013447265625 4.2480468750000004e-05 8.496093750000001e-05
0.001693359375 0.0014033203125 2.197265625e-05 4.39453125e-05
0.0009140625 0.0012158203125 2.197265625e-05 4.39453125e-05
0.0029707031250000003 0.00041015625 2.63671875e-05 5.2734375e-05
0.0029736328125 0.000732421875 1.904296875e-05 3.80859375e-05
0.002953125 0.001517578125 1.7578125000000002e-05 3.5156250000000004e-05
0.0013095703125 0.0006181640625 1.46484375e-05 2.9296875e-05
0.00046875 0.0002197265625 3.662109375e-05 7.32421875e-05
0.0028857421875 0.0009873046875000001 1.46484375e-05 2.9296875e-05
0.0018398437500000001 0.00151171875 4.1015625e-05 8.203125e-05
0.0029267578125 0.001634765625 4.2480468750000004e-05 8.496093750000001e-05
0.0013564453125 0.0018369140625 2.34375e-05 4.6875e-05
0.0011865234375 0.0006298828125 1.171875e-05 2.34375e-05
0.001775390625 0.0014033203125 1.904296875e-05 3.80859375e-05
0.00046875 0.000357421875 3.22265625e-05 6.4453125e-05
0.0014091796875 0.001681640625 1.904296875e-05 3.80859375e-05
0.00103125 0.0016875 2.9296875e-05 5.859375e-05
0.0007119140625 0.000515625 4.541015625e-05 9.08203125e-05
0.0019658203125 0.00151171875 2.197265625e-05 4.39453125e-05
0.000328125 0.0002197265625 3.369140625e-05 6.73828125e-05
0.001646484375 0.001224609375 2.63671875e-05 5.2734375e-05
0.0009199218750000001 0.0016875 2.63671875e-05 5.2734375e-05
0.000328125 9.08203125e-05 3.076171875e-05 6.15234375e-05
0.00023144531250000002 9.08203125e-05 1.7578125000000002e-05 3.5156250000000004e-05
0.001751953125 0.0008349609375 2.4902343750000002e-05 4.9804687500000004e-05
0.0017373046875000001 0.0010107421875 8.789062500000001e-06 1.7578125000000002e-05
0.0008085937500000001 0.0014853515625000001 4.541015625e-05 9.08203125e-05
0.0011015625000000001 9.960937500000001e-05 1.46484375e-05 2.9296875e-05
0.000638671875 0.0014853515625000001 3.955078125e-05 7.91015625e-05
0.001734375 0.00165234375 4.1015625e-05 8.203125e-05
0.0027685546875 0.001072265625 1.025390625e-05 2.05078125e-05
0.00230859375 0.0004775390625 1.611328125e-05 3.22265625e-05
0.0003603515625 0.000357421875 2.197265625e-05 4.39453125e-05
0.0022412109375 0.0010869140625 2.05078125e-05 4.1015625e-05
0.00191015625 0.00041015625 1.46484375e-05 2.9296875e-05
0.0009462890625 0.0008935546875 1.7578125000000002e-05 3.5156250000000004e-05
0.0009199218750000001 0.0016083984375 1.318359375e-05 2.63671875e-05
0.00294140625 0.00014062500000000002 2.63671875e-05 5.2734375e-05
0.00146484375 0.0018369140625 3.076171875e-05 6.15234375e-05
0.0016230468750000001 0.0013505859375 2.197265625e-05 4.39453125e-05
0.00235546875 0.00069140625 8.789062500000001e-06 1.7578125000000002e-05
0.0015322265625 0.001224609375 3.076171875e-05 6.15234375e-05
0.0027421875000000003 0.0013125 4.1015625e-05 8.203125e-05
0.00046875 8.203125e-05 3.22265625e-05 6.4453125e-05
0.00064453125 0.0008056640625000001 4.541015625e-05 9.08203125e-05
0.000568359375 0.0015791015625 1.904296875e-05 3.80859375e-05
0.0013564453125 0.0019423828125 2.9296875e-05 5.859375e-05
0.0005595703125000001 0.0010810546875 3.80859375e-05 7.6171875e-05
0.00209765625 0.0011132812500000001 2.34375e-05 4.6875e-05
0.0025693359375000002 0.0013125 4.541015625e-05 9.08203125e-05
0.000779296875 0.0016875 4.39453125e-05 8.7890625e-05
0.0009199218750000001 0.001822265625 4.1015625e-05 8.203125e-05
0.0019833984375 0.0007529296875 2.34375e-05 4.6875e-05
0.00179296875 0.00179296875 3.5156250000000004e-05 7.031250000000001e-05
0.00179296875 0.001939453125 3.80859375e-05 7.6171875e-05
0.0014443359375 0.0020595703125 4.39453125e-05 8.7890625e-05
0.0019482421875 0.001939453125 3.955078125e-05 7.91015625e-05
0.0025693359375000002 0.0014736328125000001 3.5156250000000004e-05 7.031250000000001e-05
0.0015615234375 0.000544921875 1.611328125e-05 3.22265625e-05
0.0029677734375 0.001775390625 3.076171875e-05 6.15234375e-05
0.001875 0.00165234375 2.9296875e-05 5.859375e-05
0.00050390625 0.0008642578125 3.076171875e-05 6.15234375e-05
0.0028154296875 0.0014560546875 1.46484375e-05 2.9296875e-05
0.0001435546875 0.00013769531250000001 3.22265625e-05 6.4453125e-05
0.0020888671875000002 0.001939453125 3.076171875e-05 6.15234375e-05
0.0009199218750000001 0.0019599609375 2.783203125e-05 5.56640625e-05
0.000421875 0.0008027343750000001 2.05078125e-05 4.1015625e-05
0.0008759765625 0.0020654296875 2.9296875e-05 5.859375e-05
0.000638671875 0.00132421875 4.1015625e-05 8.203125e-05
0.000439453125 0.0015791015625 4.541015625e-05 9.08203125e-05
0.0006240234375 0.0006328125 2.783203125e-05 5.56640625e-05
0.0020361328125 0.0015322265625 1.46484375e-05 2.9296875e-05
0.0007587890625 0.0021533203125 4.39453125e-05 8.7890625e-05
0.0021474609375 0.0015322265625 4.1015625e-05 8.203125e-05
2.63671875e-05 0.00013769531250000001 2.63671875e-05 5.2734375e-05
0.00146484375 0.00193359375 1.7578125000000002e-05 3.5156250000000004e-05
0.0004072265625 0.0014033203125 4.39453125e-05 8.7890625e-05
0.001646484375 0.001939453125 3.5156250000000004e-05 7.031250000000001e-05
0.001095703125 0.0018720703125 4.541015625e-05 9.08203125e-05
0.000439453125 0.001705078125 1.7578125000000002e-05 3.5156250000000004e-05
0.000439453125 0.0018251953125 4.2480468750000004e-05 8.496093750000001e-05
0.0020625 0.001822265625 2.9296875e-05 5.859375e-05
0.00212109375 0.000310546875 2.05078125e-05 4.1015625e-05
0.0019892578125 0.00165234375 2.783203125e-05 5.56640625e-05
0.0003017578125 0.0004189453125 2.05078125e-05 4.1015625e-05
0.000990234375 0.0015878906250000001 2.34375e-05 4.6875e-05
0.001828125 0.0003017578125 1.611328125e-05 3.22265625e-05
0.0020361328125 0.0014619140625 2.05078125e-05 4.1015625e-05
0.0004775390625 0.001142578125 1.318359375e-05 2.63671875e-05
0.0019189453125 0.0012509765625 4.1015625e-05 8.203125e-05
0.0002490234375 0.0014033203125 3.5156250000000004e-05 7.031250000000001e-05
0.0026015625 0.0011513671875 1.904296875e-05 3.80859375e-05
0.00059765625 0.0001025390625 1.904296875e-05 3.80859375e-05
0.00071484375 0.0022587890625 1.318359375e-05 2.63671875e-05
0.0016845703125 0.0002724609375 2.05078125e-05 4.1015625e-05
0.0022031250000000002 0.00178125 4.39453125e-05 8.7890625e-05
0.0010224609375 0.0020654296875 4.39453125e-05 8.7890625e-05
0.000474609375 0.001927734375 1.171875e-05 2.34375e-05
0.0008027343750000001 0.0012158203125 3.369140625e-05 6.73828125e-05
0.0022060546875 0.00202734375 4.2480468750000004e-05 8.496093750000001e-05
0.000861328125 0.000615234375 2.05078125e-05 4.1015625e-05
0.0006708984375 0.0023642578125000003 4.39453125e-05 8.7890625e-05
0.0022998046875 0.00104296875 1.611328125e-05 3.22265625e-05
0.0022412109375 0.0011982421875 3.5156250000000004e-05 7.031250000000001e-05
0.0001435546875 0.00024609375 2.197265625e-05 4.39453125e-05
0.00234375 0.0018398437500000001 3.22265625e-05 6.4453125e-05
0.0005478515625 0.0024814453125 4.1015625e-05 8.203125e-05
0.0019365234375 0.00172265625 1.611328125e-05 3.22265625e-05
0.000111328125 0.0014033203125 3.369140625e-05 6.73828125e-05
0.0018398437500000001 0.00202734375 1.171875e-05 2.34375e-05
0.002666015625 0.0016025390625 4.541015625e-05 9.08203125e-05
0.0004833984375 0.000591796875 4.541015625e-05 9.08203125e-05
2.63671875e-05 8.789062500000001e-06 3.80859375e-05 7.6171875e-05
0.000521484375 0.002015625 3.80859375e-05 7.6171875e-05
0.0003544921875 0.000591796875 1.904296875e-05 3.80859375e-05
0.0013623046875 0.00219140625 3.369140625e-05 6.73828125e-05
9.08203125e-05 0.00031640625 2.197265625e-05 4.39453125e-05
0.0020302734375 0.0020009765625 1.171875e-05 2.34375e-05
0.0002490234375 0.0015205078125 2.34375e-05 4.6875e-05
0.001658203125 0.00179296875 3.22265625e-05 6.4453125e-05
0.0012421875 0.0019423828125 2.783203125e-05 5.56640625e-05
0.0006240234375 0.0003662109375 3.22265625e-05 6.4453125e-05
9.08203125e-05 0.0004365234375 3.80859375e-05 7.6171875e-05
0.0010166015625 0.0011982421875 1.46484375e-05 2.9296875e-05
0.00230859375 0.0017021484375 2.197265625e-05 4.39453125e-05
0.0002548828125 0.0003310546875 2.9296875e-05 5.859375e-05
0.0027978515625 0.0017314453125000001 3.80859375e-05 7.6171875e-05
0.0026982421875 0.0011513671875 2.9296875e-05 5.859375e-05
0.0015673828125 0.0021767578125 4.1015625e-05 8.203125e-05
0.0027275390625 0.0018632812500000001 3.662109375e-05 7.32421875e-05
0.001283203125 0.002296875 3.22265625e-05 6.4453125e-05
0.00050390625 0.000966796875 2.05078125e-05 4.1015625e-05
0.001142578125 0.002296875 3.80859375e-05 7.6171875e-05
0.0004072265625 0.001283203125 1.611328125e-05 3.22265625e-05
0.0023115234375 0.00216796875 4.541015625e-05 9.08203125e-05
0.0003720703125 0.000966796875 4.541015625e-05 9.08203125e-05
0.0005478515625 0.002654296875 4.541015625e-05 9.08203125e-05
0.002208984375 0.0005126953125 1.904296875e-05 3.80859375e-05
0.00209765625 0.0012099609375 2.4902343750000002e-05 4.9804687500000004e-05
0.0003193359375 0.0006943359375 3.5156250000000004e-05 7.031250000000001e-05
0.0006884765625 0.002759765625 4.2480468750000004e-05 8.496093750000001e-05
0.001166015625 0.0020654296875 2.783203125e-05 5.56640625e-05
0.0019892578125 0.0013740234375 2.9296875e-05 5.859375e-05
0.000708984375 0.0018193359375 3.076171875e-05 6.15234375e-05
0.0006591796875 0.0016875 1.611328125e-05 3.22265625e-05
0.002583984375 0.0018632812500000001 3.5156250000000004e-05 7.031250000000001e-05
0.0019716796875 0.00176953125 1.318359375e-05 2.63671875e-05
0.0002724609375 0.0018251953125 4.1015625e-05 8.203125e-05
0.000380859375 0.00207421875 3.80859375e-05 7.6171875e-05
0.00209765625 0.001294921875 1.7578125000000002e-05 3.5156250000000004e-05
0.0024931640625 3.5156250000000004e-05 1.025390625e-05 2.05078125e-05
0.0013535156250000001 0.002390625 2.63671875e-05 5.2734375e-05
0.000638671875 0.0019892578125 2.197265625e-05 4.39453125e-05
0.002173828125 0.001294921875 2.05078125e-05 4.1015625e-05
0.0006884765625 0.0025224609375 3.22265625e-05 6.4453125e-05
0.0001318359375 0.001546875 3.662109375e-05 7.32421875e-05
0.0016845703125 0.0020888671875000002 3.22265625e-05 6.4453125e-05
0.000328125 0.001072265625 1.171875e-05 2.34375e-05
0.000375 0.002654296875 4.1015625e-05 8.203125e-05
0.00144140625 0.00234375 2.34375e-05 4.6875e-05
0.00026953125 0.0011162109375 2.4902343750000002e-05 4.9804687500000004e-05
0.001271484375 0.0024521484375 2.4902343750000002e-05 4.9804687500000004e-05
0.00073828125 0.0019892578125 2.783203125e-05 5.56640625e-05
0.000890625 0.0022353515625 3.369140625e-05 6.73828125e-05
0.0006767578125000001 0.000955078125 2.783203125e-05 5.56640625e-05
0.0003837890625 0.0024814453125 4.1015625e-05 8.203125e-05
0.002396484375 0.0016552734375 2.783203125e-05 5.56640625e-05
0.0004775390625 0.0012158203125 2.34375e-05 4.6875e-05
0.0014619140625 0.0022734375 1.318359375e-05 2.63671875e-05
7.32421875e-05 0.0016875 3.955078125e-05 7.91015625e-05
0.001236328125 0.002208984375 1.7578125000000002e-05 3.5156250000000004e-05
0.000380859375 0.0022353515625 4.2480468750000004e-05 8.496093750000001e-05
0.000111328125 0.0012509765625 4.2480468750000004e-05 8.496093750000001e-05
0.0011630859375 0.0024521484375 2.9296875e-05 5.859375e-05
0.000638671875 0.001201171875 2.05078125e-05 4.1015625e-05
0.0003193359375 0.0007880859375 1.171875e-05 2.34375e-05
0.002197265625 0.00216796875 1.171875e-05 2.34375e-05
0.00244921875 0.0017958984375 2.4902343750000002e-05 4.9804687500000004e-05
0.000533203125 0.0022353515625 3.369140625e-05 6.73828125e-05
0.00268359375 0.0017314453125000001 1.904296875e-05 3.80859375e-05
0.0001494140625 0.0005771484375 3.80859375e-05 7.6171875e-05
0.000216796875 0.0022353515625 3.955078125e-05 7.91015625e-05
0.002724609375 0.0014560546875 3.076171875e-05 6.15234375e-05
0.0002490234375 0.00207421875 2.783203125e-05 5.56640625e-05
0.002583984375 0.0020009765625 3.369140625e-05 6.73828125e-05
0.0019863281250000002 0.0021064453125 4.541015625e-05 9.08203125e-05
0.000380859375 0.0023583984375 1.904296875e-05 3.80859375e-05
0.0010810546875 0.002513671875 2.197265625e-05 4.39453125e-05
0.0002724609375 0.0016728515625 3.5156250000000004e-05 7.031250000000001e-05
0.002431640625 0.0013125 2.34375e-05 4.6875e-05
0.000392578125 0.001142578125 2.9296875e-05 5.859375e-05
0.000849609375 0.002759765625 3.80859375e-05 7.6171875e-05
0.0016171875000000001 0.0004833984375 1.904296875e-05 3.80859375e-05
0.0012333984375000001 0.0015996093750000001 2.4902343750000002e-05 4.9804687500000004e-05
0.0028154296875 0.0015439453125 2.9296875e-05 5.859375e-05
0.00010546875 0.00207421875 4.39453125e-05 8.7890625e-05
0.002279296875 0.0014501953125 3.662109375e-05 7.32421875e-05
0.0021328125 0.0016875 1.46484375e-05 2.9296875e-05
0.002923828125 0.001880859375 2.63671875e-05 5.2734375e-05
0.000216796875 0.0023818359375 3.369140625e-05 6.73828125e-05
0.0022646484375 0.000908203125 1.318359375e-05 2.63671875e-05
2.9296875e-05 0.0005771484375 2.197265625e-05 4.39453125e-05
0.0007705078125 0.0018779296875 1.171875e-05 2.34375e-05
0.0010810546875 0.002630859375 3.662109375e-05 7.32421875e-05
0.0008115234375000001 0.0024052734375 2.9296875e-05 5.859375e-05
0.000333984375 0.002794921875 3.22265625e-05 6.4453125e-05
0.002923828125 0.0019980468750000003 3.22265625e-05 6.4453125e-05
0.0006591796875 0.0016230468750000001 1.611328125e-05 3.22265625e-05
0.001236328125 0.002630859375 4.1015625e-05 8.203125e-05
0.0006884765625 0.00290625 3.076171875e-05 6.15234375e-05
0.0011630859375 0.0025341796875 1.171875e-05 2.34375e-05
0.00020214843750000002 0.002865234375 4.2480468750000004e-05 8.496093750000001e-05
0.0017109375 0.0022060546875 2.783203125e-05 5.56640625e-05
9.08203125e-05 0.0023818359375 2.9296875e-05 5.859375e-05
0.00287109375 0.0001875 8.789062500000001e-06 1.7578125000000002e-05
0.001564453125 0.0018369140625 1.904296875e-05 3.80859375e-05
0.000849609375 0.0029208984375 4.2480468750000004e-05 8.496093750000001e-05
0.00113671875 0.0016318359375 2.197265625e-05 4.39453125e-05
0.0019863281250000002 0.0022705078125 3.662109375e-05 7.32421875e-05
0.000310546875 0.002337890625 1.7578125000000002e-05 3.5156250000000004e-05
0.0005654296875 0.00290625 3.076171875e-05 6.15234375e-05
0.0029677734375 0.002103515625 2.4902343750000002e-05 4.9804687500000004e-05
0.000978515625 0.0022822265625 1.611328125e-05 3.22265625e-05
8.789062500000001e-06 0.00031640625 1.904296875e-05 3.80859375e-05
2.9296875e-05 0.002865234375 4.39453125e-05 8.7890625e-05
0.00294140625 0.002220703125 3.5156250000000004e-05 7.031250000000001e-05
0.002361328125 0.001552734375 2.63671875e-05 5.2734375e-05
0.0026865234375 0.0020009765625 1.7578125000000002e-05 3.5156250000000004e-05
0.00282421875 0.0021328125 3.80859375e-05 7.6171875e-05
0.0005712890625 0.001734375 3.369140625e-05 6.73828125e-05
0.00046875 0.00045996093750000003 1.904296875e-05 3.80859375e-05
0.0017373046875000001 0.0007060546875 8.789062500000001e-06 1.7578125000000002e-05
0.0003046875 0.001248046875 3.80859375e-05 7.6171875e-05
6.4453125e-05 0.0022148437500000002 2.9296875e-05 5.859375e-05
0.000978515625 0.002373046875 2.9296875e-05 5.859375e-05
0.0025869140625 0.0017314453125000001 2.9296875e-05 5.859375e-05
0.0009755859375 0.0025869140625 2.05078125e-05 4.1015625e-05
0.0012802734375 0.0020654296875 2.9296875e-05 5.859375e-05
0.00059765625 2.34375e-05 2.05078125e-05 4.1015625e-05
0.0023583984375 1.7578125000000002e-05 3.076171875e-05 6.15234375e-05
0.0009169921875000001 0.002525390625 2.197265625e-05 4.39453125e-05
0.0012421875 0.0018544921875 1.611328125e-05 3.22265625e-05
0.0018691406250000001 0.002244140625 2.34375e-05 4.6875e-05
0.000298828125 0.0029941406250000003 3.80859375e-05 7.6171875e-05
0.0019130859375 0.0018134765625 2.34375e-05 4.6875e-05
0.0014267578125 0.0012685546875 2.63671875e-05 5.2734375e-05
0.00294140625 0.0023291015625000002 1.904296875e-05 3.80859375e-05
0.00275390625 0.0022646484375 3.662109375e-05 7.32421875e-05
0.00256640625 0.0016611328125 7.32421875e-06 1.46484375e-05
8.789062500000001e-06 0.0014384765625 2.05078125e-05 4.1015625e-05
0.0019863281250000002 0.0023876953125 2.197265625e-05 4.39453125e-05
0.0012451171875000001 0.0006298828125 1.7578125000000002e-05 3.5156250000000004e-05
0.00017578125 0.0025224609375 3.955078125e-05 7.91015625e-05
0.0018515625000000001 0.0023876953125 4.541015625e-05 9.08203125e-05
0.0020478515625 0.0024697265625 2.9296875e-05 5.859375e-05
0.0021357421875 0.0022265625000000002 3.076171875e-05 6.15234375e-05
0.001271484375 0.0023818359375 1.025390625e-05 2.05078125e-05
0.0019980468750000003 2.63671875e-05 2.4902343750000002e-05 4.9804687500000004e-05
0.0010810546875 0.0027451171875 2.05078125e-05 4.1015625e-05
0.00144140625 0.0024228515625 1.611328125e-05 3.22265625e-05
0.0004365234375 0.00290625 3.369140625e-05 6.73828125e-05
0.0009462890625 0.000826171875 1.611328125e-05 3.22265625e-05
0.0024785156250000002 0.00216796875 3.80859375e-05 7.6171875e-05
0.0021796875 0.0023994140625 4.541015625e-05 9.08203125e-05
0.0001494140625 0.0007236328125 3.5156250000000004e-05 7.031250000000001e-05
0.0006123046875 0.0029941406250000003 1.904296875e-05 3.80859375e-05
0.000943359375 0.001552734375 5.859375e-06 1.171875e-05
0.0011162109375 0.00284765625 3.369140625e-05 6.73828125e-05
0.00073828125 0.0003662109375 2.4902343750000002e-05 4.9804687500000004e-05
0.00172265625 0.0023876953125 1.904296875e-05 3.80859375e-05
0.0026513671875 0.0022998046875 1.7578125000000002e-05 3.5156250000000004e-05
0.0009111328125 0.002677734375 1.318359375e-05 2.63671875e-05
0.0012392578125000001 0.00284765625 2.783203125e-05 5.56640625e-05
0.0013564453125 0.000515625 1.611328125e-05 3.22265625e-05
0.0004921875 0.00075 2.34375e-05 4.6875e-05
0.002783203125 0.0020009765625 3.076171875e-05 6.15234375e-05
0.00144140625 0.0024873046875 1.611328125e-05 3.22265625e-05
0.0026513671875 0.00242578125 4.541015625e-05 9.08203125e-05
0.00099609375 0.00284765625 2.63671875e-05 5.2734375e-05
0.00258984375 0.0022412109375 2.4902343750000002e-05 4.9804687500000004e-05
0.00249609375 0.00242578125 3.22265625e-05 6.4453125e-05
0.0002548828125 0.002654296875 1.904296875e-05 3.80859375e-05
0.0014853515625000001 0.000744140625 2.197265625e-05 4.39453125e-05
0.0016611328125 0.0024462890625 2.34375e-05 4.6875e-05
0.0016611328125 0.002578125 4.2480468750000004e-05 8.496093750000001e-05
0.0018398437500000001 0.0020888671875000002 1.904296875e-05 3.80859375e-05
0.0024169921875 0.00253125 3.369140625e-05 6.73828125e-05
7.32421875e-05 0.0018427734375 3.80859375e-05 7.6171875e-05
0.00228515625 0.00261328125 4.39453125e-05 8.7890625e-05
0.00294140625 0.0024345703125 3.369140625e-05 6.73828125e-05
0.0026513671875 0.002578125 3.076171875e-05 6.15234375e-05
0.0027568359375 0.0025341796875 2.63671875e-05 5.2734375e-05
0.0018515625000000001 0.00254296875 3.22265625e-05 6.4453125e-05
0.002724609375 0.0021328125 1.171875e-05 2.34375e-05
0.000240234375 0.0010458984375 1.318359375e-05 2.63671875e-05
0.002361328125 0.001341796875 1.46484375e-05 2.9296875e-05
0.0018515625000000001 0.0026923828125 4.2480468750000004e-05 8.496093750000001e-05
0.0017197265625000001 0.0027626953125 3.22265625e-05 6.4453125e-05
0.00140625 0.000744140625 1.7578125000000002e-05 3.5156250000000004e-05
0.0025048828125 0.0016611328125 2.34375e-05 4.6875e-05
0.0024785156250000002 0.00195703125 2.34375e-05 4.6875e-05
2.9296875e-06 0.0023818359375 1.46484375e-05 2.9296875e-05
0.0017197265625000001 0.002912109375 4.2480468750000004e-05 8.496093750000001e-05
0.000791015625 0.00064453125 1.7578125000000002e-05 3.5156250000000004e-05
0.0002607421875 0.000849609375 3.076171875e-05 6.15234375e-05
0.0012919921875 0.00277734375 1.611328125e-05 3.22265625e-05
0.0018603515625 0.002853515625 3.369140625e-05 6.73828125e-05
0.002150390625 0.00261328125 2.34375e-05 4.6875e-05
0.000134765625 0.001001953125 4.39453125e-05 8.7890625e-05
0.0016113281250000001 0.002912109375 1.171875e-05 2.34375e-05
0.002373046875 0.0027304687500000003 2.9296875e-05 5.859375e-05
0.0025048828125 0.0027304687500000003 3.662109375e-05 7.32421875e-05
0.0027568359375 0.0026484375 3.076171875e-05 6.15234375e-05
0.0013740234375 0.00277734375 2.4902343750000002e-05 4.9804687500000004e-05
2.9296875e-05 0.0027158203125 3.076171875e-05 6.15234375e-05
0.002373046875 0.0028388671875 2.4902343750000002e-05 4.9804687500000004e-05
0.0013828125 0.0009931640625000001 1.611328125e-05 3.22265625e-05
0.00099609375 0.0029443359375 2.197265625e-05 4.39453125e-05
0.0015439453125 0.002701171875 4.2480468750000004e-05 8.496093750000001e-05
0.0010400390625 0.002431640625 1.318359375e-05 2.63671875e-05
0.0001201171875 0.0029970703125 3.5156250000000004e-05 7.031250000000001e-05
0.000111328125 0.0011337890625 1.611328125e-05 3.22265625e-05
0.0027158203125 0.0027890625 4.2480468750000004e-05 8.496093750000001e-05
0.002484375 0.00050390625 1.7578125000000002e-05 3.5156250000000004e-05
0.002583984375 0.0021064453125 1.904296875e-05 3.80859375e-05
0.002021484375 0.00261328125 4.1015625e-05 8.203125e-05
0.0014677734375000001 0.00284765625 3.369140625e-05 6.73828125e-05
0.0023525390625000002 0.0005009765625 8.789062500000001e-06 1.7578125000000002e-05
0.0025986328125 0.002876953125 3.076171875e-05 6.15234375e-05
0.0002490234375 0.0019716796875 2.34375e-05 4.6875e-05
0.002689453125 0.0020859375 1.7578125000000002e-05 3.5156250000000004e-05
0.000791015625 0.0002958984375 1.904296875e-05 3.80859375e-05
0.00155859375 0.002912109375 1.46484375e-05 2.9296875e-05
0.0028564453125000003 0.0023291015625000002 2.34375e-05 4.6875e-05
0.000158203125 0.000849609375 2.05078125e-05 4.1015625e-05
0.00294140625 0.0025927734375000002 4.541015625e-05 9.08203125e-05
3.22265625e-05 0.0025224609375 3.22265625e-05 6.4453125e-05
0.002279296875 0.0029091796875 3.369140625e-05 6.73828125e-05
0.0004716796875 0.0023583984375 2.63671875e-05 5.2734375e-05
0.0010927734375 0.0004189453125 1.46484375e-05 2.9296875e-05
0.0018603515625 0.0029707031250000003 2.4902343750000002e-05 4.9804687500000004e-05
0.0005712890625 0.0018486328125 2.34375e-05 4.6875e-05
0.000755859375 0.0013037109375 1.611328125e-05 3.22265625e-05
0.0024550781250000002 0.0028388671875 1.611328125e-05 3.22265625e-05
0.0023291015625000002 0.0023994140625 2.9296875e-05 5.859375e-05
0.0011162109375 0.0029677734375 2.63671875e-05 5.2734375e-05
0.0028564453125000003 0.002830078125 3.076171875e-05 6.15234375e-05
0.0013974609375 0.0025927734375000002 4.1015625e-05 8.203125e-05
0.00253125 0.0025283203125 2.197265625e-05 4.39453125e-05
0.00195703125 0.002853515625 1.46484375e-05 2.9296875e-05
0.0029150390625 0.0029707031250000003 4.541015625e-05 9.08203125e-05
0.00123046875 0.0029677734375 3.076171875e-05 6.15234375e-05
0.002208984375 0.00277734375 4.1015625e-05 8.203125e-05
0.0019306640625 0.00048046875 2.197265625e-05 4.39453125e-05
0.0024580078125 0.0014736328125000001 2.05078125e-05 4.1015625e-05
0.00118359375 0.0013476562500000001 1.7578125000000002e-05 3.5156250000000004e-05
0.0028564453125000003 0.0027187500000000002 2.4902343750000002e-05 4.9804687500000004e-05
0.0013652343750000001 0.0029677734375 3.662109375e-05 7.32421875e-05
0.0008525390625 0.0002138671875 3.22265625e-05 6.4453125e-05
0.002384765625 0.002953125 2.34375e-05 4.6875e-05
0.0021474609375 0.0029794921875 4.1015625e-05 8.203125e-05
0.0024433593750000002 0.0020654296875 1.611328125e-05 3.22265625e-05
0.001546875 0.00234375 2.9296875e-05 5.859375e-05
2.9296875e-06 0.0007236328125 3.80859375e-05 7.6171875e-05
0.0006416015625 0.0019013671875 2.05078125e-05 4.1015625e-05
0.0015205078125 0.0024873046875 2.34375e-05 4.6875e-05
0.00254296875 0.002337890625 1.7578125000000002e-05 3.5156250000000004e-05
0.000205078125 0.0011162109375 7.32421875e-06 1.46484375e-05
0.0001845703125 2.9296875e-06 3.22265625e-05 6.4453125e-05
0.0019628906250000002 0.0029707031250000003 2.63671875e-05 5.2734375e-05
0.0022734375 0.0015996093750000001 2.34375e-05 4.6875e-05
0.0025634765625 0.0029794921875 2.34375e-05 4.6875e-05
0.0029736328125 0.002830078125 2.783203125e-05 5.56640625e-05
0.0026630859375 0.0029794921875 2.63671875e-05 5.2734375e-05
2.9296875e-06 0.0008583984375 2.9296875e-05 5.859375e-05
0.0023994140625 0.0023056640625 2.9296875e-05 5.859375e-05
0.0001728515625 0.0027158203125 3.22265625e-05 6.4453125e-05
0.0027568359375 0.0029794921875 2.05078125e-05 4.1015625e-05
0.00103125 0.0022119140625 2.783203125e-05 5.56640625e-05
0.0021064453125 0.0014091796875 2.34375e-05 4.6875e-05
8.789062500000001e-06 0.0015146484375 1.7578125000000002e-05 3.5156250000000004e-05
0.0018896484375 0.002173828125 1.318359375e-05 2.63671875e-05
0.00234375 0.0019599609375 2.783203125e-05 5.56640625e-05
0.0020859375 0.0028974609375 1.025390625e-05 2.05078125e-05
3.22265625e-05 0.002619140625 1.611328125e-05 3.22265625e-05
0.001083984375 0.0002841796875 1.318359375e-05 2.63671875e-05
0.0002724609375 0.0004892578125 1.7578125000000002e-05 3.5156250000000004e-05
0.0025048828125 0.00158203125 1.611328125e-05 3.22265625e-05
0.0003515625 0.0004892578125 2.197265625e-05 4.39453125e-05
0.0009873046875000001 0.0025048828125 1.46484375e-05 2.9296875e-05
0.0007998046875000001 0.0025224609375 2.34375e-05 4.6875e-05
0.002109375 0.0016435546875 1.025390625e-05 2.05078125e-05
0.002818359375 0.0024521484375 2.4902343750000002e-05 4.9804687500000004e-05
1.171875e-05 0.0011337890625 3.369140625e-05 6.73828125e-05
0.001669921875 0.0023173828125 2.4902343750000002e-05 4.9804687500000004e-05
8.789062500000001e-06 0.000234375 2.197265625e-05 4.39453125e-05
0.0002724609375 0.0005537109375000001 1.46484375e-05 2.9296875e-05
1.46484375e-05 0.001001953125 1.611328125e-05 3.22265625e-05
0.0020390625 0.0027919921875 3.662109375e-05 7.32421875e-05
0.0009609375 0.000498046875 1.46484375e-05 2.9296875e-05
0.0025634765625 0.0009345703125000001 1.7578125000000002e-05 3.5156250000000004e-05
0.0005478515625 0.0012158203125 1.171875e-05 2.34375e-05
8.789062500000001e-06 0.0029970703125 2.05078125e-05 4.1015625e-05
0.0025986328125 0.002783203125 1.611328125e-05 3.22265625e-05
0.00253125 0.0026103515625 1.904296875e-05 3.80859375e-05
0.0013710937500000001 0.0011513671875 1.611328125e-05 3.22265625e-05
0.001505859375 0.0029824218750000003 2.9296875e-05 5.859375e-05
8.789062500000001e-06 0.0015878906250000001 1.904296875e-05 3.80859375e-05
0.0005771484375 0.0021298828125 2.34375e-05 4.6875e-05
0.000767578125 0.002654296875 2.34375e-05 4.6875e-05
8.789062500000001e-06 0.0013505859375 2.34375e-05 4.6875e-05
0.0007001953125 0.001142578125 2.197265625e-05 4.39453125e-05
0.00046289062500000003 0.0027890625 2.63671875e-05 5.2734375e-05
0.0029941406250000003 0.0012802734375 1.318359375e-05 2.63671875e-05
0.0009931640625000001 0.0027451171875 2.34375e-05 4.6875e-05
0.002431640625 0.00139453125 1.7578125000000002e-05 3.5156250000000004e-05
7.32421875e-05 0.0019541015625 1.7578125000000002e-05 3.5156250000000004e-05
0.00188671875 0.0013740234375 2.197265625e-05 4.39453125e-05
0.0003310546875 0.0019716796875 1.7578125000000002e-05 3.5156250000000004e-05
0.001529296875 0.00193359375 1.46484375e-05 2.9296875e-05
0.000216796875 0.00024609375 1.46484375e-05 2.9296875e-05
0.002431640625 0.0012333984375000001 1.611328125e-05 3.22265625e-05
0.000861328125 0.0007001953125 2.197265625e-05 4.39453125e-05
0.0013271484375 0.0012099609375 2.05078125e-05 4.1015625e-05
0.00235546875 0.0012333984375000001 2.197265625e-05 4.39453125e-05
0.0023115234375 0.001341796875 1.025390625e-05 2.05078125e-05
0.0007353515625 0.001904296875 1.025390625e-05 2.05078125e-05
0.0005566406250000001 0.00045996093750000003 2.4902343750000002e-05 4.9804687500000004e-05
0.002900390625 0.000380859375 1.171875e-05 2.34375e-05
0.00113671875 0.0015673828125 1.025390625e-05 2.05078125e-05
0.0019716796875 0.0009462890625 1.7578125000000002e-05 3.5156250000000004e-05
0.0004892578125 0.0021298828125 2.05078125e-05 4.1015625e-05
0.0014091796875 0.001751953125 1.611328125e-05 3.22265625e-05
0.0024550781250000002 0.0029326171875 1.318359375e-05 2.63671875e-05
0.0006181640625 0.0020595703125 1.46484375e-05 2.9296875e-05
0.0029970703125 0.001458984375 1.904296875e-05 3.80859375e-05
0.0022031250000000002 0.0019013671875 1.611328125e-05 3.22265625e-05
0.0008642578125 0.0023349609375 1.46484375e-05 2.9296875e-05
0.001763671875 0.0007412109375 1.318359375e-05 2.63671875e-05
0.0014853515625000001 0.0004921875 7.32421875e-06 1.46484375e-05
2.9296875e-06 0.0023115234375 2.05078125e-05 4.1015625e-05
0.0 0.0005068359375 1.611328125e-05 3.22265625e-05
0.0011191406250000001 0.0013476562500000001 1.46484375e-05 2.9296875e-05
0.002056640625 0.0023583984375 1.611328125e-05 3.22265625e-05
0.0015087890625 0.000826171875 1.318359375e-05 2.63671875e-05
0.0029296875 0.0027187500000000002 1.171875e-05 2.34375e-05
0.0009580078125 0.001517578125 1.318359375e-05 2.63671875e-05
0.0015439453125 0.0013505859375 1.7578125000000002e-05 3.5156250000000004e-05
0.000533203125 0.00144140625 1.7578125000000002e-05 3.5156250000000004e-05
0.0009140625 0.0011396484375 1.611328125e-05 3.22265625e-05
0.001763671875 0.0022763671875 1.611328125e-05 3.22265625e-05
0.000884765625 0.0008935546875 1.318359375e-05 2.63671875e-05
0.0024550781250000002 0.00298828125 1.46484375e-05 2.9296875e-05
0.00282421875 0.0009873046875000001 1.611328125e-05 3.22265625e-05
0.0004072265625 0.0 1.904296875e-05 3.80859375e-05
0.0003251953125 0.0015205078125 1.46484375e-05 2.9296875e-05
0.00178125 0.0024902343750000003 1.171875e-05 2.34375e-05
0.001505859375 0.0002724609375 1.904296875e-05 3.80859375e-05
1.171875e-05 0.00214453125 1.46484375e-05 2.9296875e-05
0.0019365234375 0.00254296875 1.025390625e-05 2.05078125e-05
0.0015205078125 0.0025751953125 2.05078125e-05 4.1015625e-05
0.00116015625 0.0027451171875 1.904296875e-05 3.80859375e-05
0.0026513671875 0.0026806640625 2.05078125e-05 4.1015625e-05
0.0023056640625 0.0023056640625 1.7578125000000002e-05 3.5156250000000004e-05
0.00249609375 0.00029296875 8.789062500000001e-06 1.7578125000000002e-05
0.0015234375 1.46484375e-05 1.611328125e-05 3.22265625e-05
0.0014150390625 0.0005625000000000001 1.904296875e-05 3.80859375e-05
0.0008173828125 0.0022998046875 1.46484375e-05 2.9296875e-05
0.0028388671875 0.0011015625000000001 2.783203125e-05 5.56640625e-05
2.9296875e-06 0.0019541015625 1.7578125000000002e-05 3.5156250000000004e-05
0.002619140625 0.0002724609375 1.904296875e-05 3.80859375e-05
0.0001787109375 0.0016728515625 1.171875e-05 2.34375e-05
0.0001787109375 0.0019189453125 2.05078125e-05 4.1015625e-05
0.0001787109375 0.0017314453125000001 1.7578125000000002e-05 3.5156250000000004e-05
0.0022500000000000003 0.0023056640625 1.025390625e-05 2.05078125e-05
0.00057421875 0.0009375 1.7578125000000002e-05 3.5156250000000004e-05
0.0005712890625 0.0019189453125 1.171875e-05 2.34375e-05
0.0017958984375 0.0021474609375 1.7578125000000002e-05 3.5156250000000004e-05
0.0007060546875 0.0015878906250000001 1.318359375e-05 2.63671875e-05
0.0024785156250000002 0.0018779296875 1.611328125e-05 3.22265625e-05
0.001130859375 0.00216796875 2.63671875e-05 5.2734375e-05
0.0009169921875000001 0.0024550781250000002 1.318359375e-05 2.63671875e-05
0.000720703125 0.0006738281250000001 2.05078125e-05 4.1015625e-05
0.0012744140625 0.0005712890625 1.46484375e-05 2.9296875e-05
0.0017109375 0.00016992187500000002 1.7578125000000002e-05 3.5156250000000004e-05
0.000814453125 0.0019013671875 1.318359375e-05 2.63671875e-05
0.0007470703125 0.0002373046875 1.7578125000000002e-05 3.5156250000000004e-05
0.00039843750000000003 0.0001435546875 1.318359375e-05 2.63671875e-05
0.000333984375 0.002888671875 1.46484375e-05 2.9296875e-05
0.001072265625 0.0009257812500000001 1.46484375e-05 2.9296875e-05
0.000216796875 0.0001962890625 1.025390625e-05 2.05078125e-05
0.002765625 0.000662109375 1.171875e-05 2.34375e-05
0.00234375 0.002044921875 1.46484375e-05 2.9296875e-05
0.0019775390625 0.0005507812500000001 1.318359375e-05 2.63671875e-05
0.0027685546875 0.0012041015625 1.46484375e-05 2.9296875e-05
0.002115234375 0.00256640625 5.859375e-06 1.171875e-05
0.0023291015625000002 0.00027832031250000003 1.46484375e-05 2.9296875e-05
0.0015732421875 0.0014208984375 2.05078125e-05 4.1015625e-05
0.0019365234375 0.0024873046875 1.7578125000000002e-05 3.5156250000000004e-05
0.0009345703125000001 0.000615234375 1.611328125e-05 3.22265625e-05
0.0020859375 0.00172265625 1.46484375e-05 2.9296875e-05
0.0028359375 0.001880859375 1.7578125000000002e-05 3.5156250000000004e-05
0.0021298828125 0.00253125 1.318359375e-05 2.63671875e-05
0.0005068359375 0.0029677734375 1.171875e-05 2.34375e-05
9.66796875e-05 0.002619140625 1.611328125e-05 3.22265625e-05
0.0023525390625000002 0.0005361328125 8.789062500000001e-06 1.7578125000000002e-05
0.00188671875 0.0003662109375 1.025390625e-05 2.05078125e-05
0.0026484375 0.0021796875 1.7578125000000002e-05 3.5156250000000004e-05
0.0016318359375 0.0028095703125000002 1.7578125000000002e-05 3.5156250000000004e-05
0.00040136718750000003 0.001951171875 1.904296875e-05 3.80859375e-05
0.002736328125 0.0029091796875 1.611328125e-05 3.22265625e-05
0.0022646484375 0.001306640625 1.904296875e-05 3.80859375e-05
0.0024169921875 0.002630859375 1.611328125e-05 3.22265625e-05
0.0006240234375 0.0022353515625 1.171875e-05 2.34375e-05
0.0025546875 0.00050390625 1.171875e-05 2.34375e-05
0.0003720703125 0.001705078125 1.611328125e-05 3.22265625e-05
0.0007470703125 0.0029677734375 1.171875e-05 2.34375e-05
0.0008525390625 0.0001318359375 8.789062500000001e-06 1.7578125000000002e-05
0.00027539062500000003 2.9296875e-06 1.318359375e-05 2.63671875e-05
0.0008671875 0.002619140625 2.34375e-05 4.6875e-05
0.0015673828125 0.0020595703125 1.7578125000000002e-05 3.5156250000000004e-05
0.0024902343750000003 0.0020302734375 1.318359375e-05 2.63671875e-05
0.0005595703125000001 0.0027890625 2.197265625e-05 4.39453125e-05
0.0016113281250000001 0.0029736328125 1.904296875e-05 3.80859375e-05
0.0029736328125 0.0027421875000000003 1.318359375e-05 2.63671875e-05
0.002033203125 0.001294921875 1.46484375e-05 2.9296875e-05
0.001236328125 0.0021474609375 1.318359375e-05 2.63671875e-05
0.0021005859375000002 0.0027099609375 1.46484375e-05 2.9296875e-05
0.0005390625 0.0003046875 1.171875e-05 2.34375e-05
0.0013857421875 0.0024873046875 1.171875e-05 2.34375e-05
0.0010927734375 0.0004775390625 1.46484375e-05 2.9296875e-05
0.0026279296875 0.00066796875 1.611328125e-05 3.22265625e-05
0.0027187500000000002 0.000662109375 1.171875e-05 2.34375e-05
0.0021826171875 0.000310546875 1.025390625e-05 2.05078125e-05
0.000662109375 0.0020595703125 7.32421875e-06 1.46484375e-05
0.00010546875 0.000849609375 5.859375e-06 1.171875e-05
0.0009287109375000001 0.0021357421875 1.46484375e-05 2.9296875e-05
0.0021708984375 0.0011132812500000001 1.318359375e-05 2.63671875e-05
0.0015908203125 0.0024667968750000002 1.318359375e-05 2.63671875e-05
0.0020947265625 3.80859375e-05 1.7578125000000002e-05 3.5156250000000004e-05
0.000234375 0.0004189453125 1.318359375e-05 2.63671875e-05
0.002091796875 0.0023115234375 1.318359375e-05 2.63671875e-05
0.0011015625000000001 4.6875e-05 1.171875e-05 2.34375e-05
0.0028916015625 0.00048046875 1.611328125e-05 3.22265625e-05
0.000533203125 0.001376953125 1.46484375e-05 2.9296875e-05
0.00253125 0.0011806640625 1.904296875e-05 3.80859375e-05
0.002419921875 0.0023759765625 7.32421875e-06 1.46484375e-05
0.0020419921875 0.000708984375 1.318359375e-05 2.63671875e-05
0.00104296875 0.0012333984375000001 7.32421875e-06 1.46484375e-05
0.0010166015625 0.0012685546875 1.46484375e-05 2.9296875e-05
0.001798828125 0.000908203125 8.789062500000001e-06 1.7578125000000002e-05
9.08203125e-05 0.000814453125 1.318359375e-05 2.63671875e-05
2.9296875e-06 0.002009765625 1.025390625e-05 2.05078125e-05
0.0019189453125 0.0011337890625 1.7578125000000002e-05 3.5156250000000004e-05
0.00016992187500000002 0.0011162109375 1.025390625e-05 2.05078125e-05
0.00103125 0.0017724609375 1.318359375e-05 2.63671875e-05
0.000533203125 0.00148828125 5.859375e-06 1.171875e-05
0.0014677734375000001 0.0016376953125 1.7578125000000002e-05 3.5156250000000004e-05
0.0023291015625000002 0.0024873046875 1.46484375e-05 2.9296875e-05
0.000896484375 0.0001318359375 1.318359375e-05 2.63671875e-05
0.000791015625 0.000591796875 8.789062500000001e-06 1.7578125000000002e-05
0.0024462890625 0.0007763671875 1.46484375e-05 2.9296875e-05
0.000310546875 0.0023994140625 1.318359375e-05 2.63671875e-05
0.00237890625 0.0007353515625 1.611328125e-05 3.22265625e-05
0.001166015625 0.0019833984375 1.318359375e-05 2.63671875e-05
0.0009257812500000001 0.0028271484375 1.025390625e-05 2.05078125e-05
0.0005859375 0.0005302734375 1.318359375e-05 2.63671875e-05
0.0023876953125 0.002044921875 7.32421875e-06 1.46484375e-05
0.00130078125 0.0025224609375 1.318359375e-05 2.63671875e-05
0.0019775390625 0.000650390625 1.611328125e-05 3.22265625e-05
0.0012919921875 0.0007968750000000001 1.025390625e-05 2.05078125e-05
0.0007001953125 0.0011953125 4.3945312500000005e-06 8.789062500000001e-06
0.001318359375 0.0014501953125 1.318359375e-05 2.63671875e-05
0.00101953125 0.0009257812500000001 1.171875e-05 2.34375e-05
0.0011250000000000001 0.001142578125 1.46484375e-05 2.9296875e-05
0.0004072265625 0.00123046875 1.025390625e-05 2.05078125e-05
0.0021826171875 0.00253125 1.318359375e-05 2.63671875e-05
0.0020361328125 0.0028974609375 1.46484375e-05 2.9296875e-05
0.001681640625 0.001306640625 1.46484375e-05 2.9296875e-05
0.0022646484375 0.0019013671875 1.46484375e-05 2.9296875e-05
0.0009345703125000001 0.0014736328125000001 1.171875e-05 2.34375e-05
0.0018574218750000001 0.00041015625 1.171875e-05 2.34375e-05
0.00169921875 0.0007060546875 1.025390625e-05 2.05078125e-05
0.0014150390625 0.0011748046875 8.789062500000001e-06 1.7578125000000002e-05
0.00141796875 0.0027187500000000002 1.171875e-05 2.34375e-05
0.0025546875 0.0006357421875 1.904296875e-05 3.80859375e-05
0.0022705078125 0.0024873046875 1.46484375e-05 2.9296875e-05
0.0005654296875 0.0006943359375 1.46484375e-05 2.9296875e-05
0.0027978515625 0.0029091796875 1.46484375e-05 2.9296875e-05
0.0013740234375 0.00284765625 1.025390625e-05 2.05078125e-05
0.001294921875 0.0009052734375 1.611328125e-05 3.22265625e-05
0.001892578125 0.00174609375 8.789062500000001e-06 1.7578125000000002e-05
0.000421875 0.00073828125 1.171875e-05 2.34375e-05
0.0022031250000000002 0.0013652343750000001 1.7578125000000002e-05 3.5156250000000004e-05
0.001453125 0.0004921875 8.789062500000001e-06 1.7578125000000002e-05
0.0010517578125 0.0013154296875 1.46484375e-05 2.9296875e-05
0.001529296875 0.0004921875 1.46484375e-05 2.9296875e-05
0.0008232421875 0.0019892578125 1.46484375e-05 2.9296875e-05
0.0015849609375 0.0028447265625000002 1.171875e-05 2.34375e-05
0.0011630859375 0.0015322265625 1.171875e-05 2.34375e-05
0.001798828125 0.0009404296875 7.32421875e-06 1.46484375e-05
0.0024462890625 3.5156250000000004e-05 1.318359375e-05 2.63671875e-05
0.002326171875 0.0029970703125 1.318359375e-05 2.63671875e-05
0.0027890625 0.00023144531250000002 1.318359375e-05 2.63671875e-05
0.0028271484375 0.0001640625 1.611328125e-05 3.22265625e-05
0.0011923828125 0.001037109375 1.318359375e-05 2.63671875e-05
0.0021796875 0.00165234375 1.46484375e-05 2.9296875e-05
0.0007734375 0.0023232421875 1.025390625e-05 2.05078125e-05
0.0012216796875000001 0.0023818359375 1.46484375e-05 2.9296875e-05
0.00132421875 0.00284765625 1.46484375e-05 2.9296875e-05
0.0002109375 0.00046289062500000003 1.171875e-05 2.34375e-05
0.00023144531250000002 0.0006474609375 1.46484375e-05 2.9296875e-05
0.0001201171875 0.0023115234375 8.789062500000001e-06 1.7578125000000002e-05
0.0018574218750000001 0.00045996093750000003 1.318359375e-05 2.63671875e-05
0.0013095703125 0.000134765625 1.025390625e-05 2.05078125e-05
0.0012744140625 0.0001083984375 1.171875e-05 2.34375e-05
0.0019365234375 0.00158203125 1.611328125e-05 3.22265625e-05
0.00027539062500000003 0.002583984375 1.7578125000000002e-05 3.5156250000000004e-05
0.00240234375 0.0014736328125000001 7.32421875e-06 1.46484375e-05
0.000990234375 0.0019306640625 1.025390625e-05 2.05078125e-05
0.00108984375 0.0015673828125 1.318359375e-05 2.63671875e-05
0.0019833984375 0.0011337890625 1.46484375e-05 2.9296875e-05
0.00099609375 0.000451171875 1.46484375e-05 2.9296875e-05
0.002677734375 0.000732421875 1.46484375e-05 2.9296875e-05
0.00050390625 0.001306640625 2.34375e-05 4.6875e-05
0.0022646484375 0.0009609375 1.318359375e-05 2.63671875e-05
0.000662109375 0.0020947265625 1.025390625e-05 2.05078125e-05
2.9296875e-06 0.0024345703125 1.171875e-05 2.34375e-05
0.0024814453125 0.0028974609375 8.789062500000001e-06 1.7578125000000002e-05
0.0003955078125 0.0004306640625 1.46484375e-05 2.9296875e-05
7.6171875e-05 0.00024609375 1.171875e-05 2.34375e-05
0.00146484375 0.001751953125 1.171875e-05 2.34375e-05
0.0006240234375 0.0021884765625 1.171875e-05 2.34375e-05
0.00275390625 0.0023642578125000003 1.318359375e-05 2.63671875e-05
0.0007353515625 0.0008935546875 1.46484375e-05 2.9296875e-05
0.0029091796875 0.000732421875 1.318359375e-05 2.63671875e-05
0.002314453125 0.002794921875 1.171875e-05 2.34375e-05
0.0014619140625 0.002220703125 1.318359375e-05 2.63671875e-05
0.001822265625 0.0013681640625 1.025390625e-05 2.05078125e-05
0.001412109375 0.0004921875 1.171875e-05 2.34375e-05
0.00242578125 0.0007001953125 1.318359375e-05 2.63671875e-05
0.0013359375 0.0005830078125 7.32421875e-06 1.46484375e-05
0.001294921875 0.0008525390625 1.025390625e-05 2.05078125e-05
0.0001640625 0.00031640625 1.46484375e-05 2.9296875e-05
0.0012919921875 0.0027216796875 1.171875e-05 2.34375e-05
0.002431640625 0.0028828125 8.789062500000001e-06 1.7578125000000002e-05
0.00244921875 0.00172265625 1.171875e-05 2.34375e-05
0.0006884765625 0.0026103515625 1.171875e-05 2.34375e-05
0.0009052734375 0.001552734375 1.318359375e-05 2.63671875e-05
0.0011337890625 0.0007705078125 1.171875e-05 2.34375e-05
0.002033203125 0.00172265625 1.171875e-05 2.34375e-05
0.0028447265625000002 0.0013828125 1.318359375e-05 2.63671875e-05
0.0022998046875 0.0010927734375 8.789062500000001e-06 1.7578125000000002e-05
0.0026748046875 0.0002724609375 8.789062500000001e-06 1.7578125000000002e-05
0.00052734375 2.9296875e-06 1.611328125e-05 3.22265625e-05
0.0017548828125 0.0010341796875 5.859375e-06 1.171875e-05
0.0017109375 0.0001083984375 1.318359375e-05 2.63671875e-05
0.0016230468750000001 0.001640625 1.46484375e-05 2.9296875e-05
0.000755859375 0.0013681640625 1.611328125e-05 3.22265625e-05
0.0014091796875 0.0022734375 1.318359375e-05 2.63671875e-05
0.0028857421875 0.001037109375 1.025390625e-05 2.05078125e-05
0.0010751953125 0.002384765625 1.611328125e-05 3.22265625e-05
5.56640625e-05 0.0014736328125000001 8.789062500000001e-06 1.7578125000000002e-05
0.00256640625 0.0026572265625 1.025390625e-05 2.05078125e-05
0.0028154296875 0.0016259765625 1.171875e-05 2.34375e-05
0.0010166015625 0.001341796875 7.32421875e-06 1.46484375e-05
0.0011337890625 0.0006298828125 1.46484375e-05 2.9296875e-05
0.001734375 0.0024902343750000003 1.171875e-05 2.34375e-05
0.00214453125 0.0026865234375 1.025390625e-05 2.05078125e-05
0.0001259765625 0.0019541015625 8.789062500000001e-06 1.7578125000000002e-05
0.0010751953125 0.001142578125 1.025390625e-05 2.05078125e-05
0.002765625 0.0006240234375 7.32421875e-06 1.46484375e-05
0.0022265625000000002 0.00226171875 1.46484375e-05 2.9296875e-05
0.0028330078125000002 0.0025341796875 1.171875e-05 2.34375e-05
0.0007998046875000001 0.0013447265625 8.789062500000001e-06 1.7578125000000002e-05
0.0008935546875 0.0024111328125 1.171875e-05 2.34375e-05
0.000638671875 0.0017900390625 7.32421875e-06 1.46484375e-05
0.0017958984375 0.0022119140625 1.46484375e-05 2.9296875e-05
0.0007001953125 0.0012275390625000001 1.171875e-05 2.34375e-05
0.00094921875 0.0010927734375 1.318359375e-05 2.63671875e-05
0.001505859375 0.000216796875 8.789062500000001e-06 1.7578125000000002e-05
0.0023671875 0.00174609375 1.46484375e-05 2.9296875e-05
0.0015234375 0.000791015625 5.859375e-06 1.171875e-05
0.00209765625 0.00104296875 1.171875e-05 2.34375e-05
0.0003662109375 0.001072265625 7.32421875e-06 1.46484375e-05
0.0007587890625 0.002853515625 1.318359375e-05 2.63671875e-05
0.0029736328125 0.0006796875000000001 7.32421875e-06 1.46484375e-05
0.001728515625 0.000767578125 8.789062500000001e-06 1.7578125000000002e-05
0.002091796875 0.000708984375 1.171875e-05 2.34375e-05
3.80859375e-05 0.0010458984375 8.789062500000001e-06 1.7578125000000002e-05
0.0006708984375 0.0022353515625 1.171875e-05 2.34375e-05
0.0016113281250000001 0.000966796875 1.171875e-05 2.34375e-05
0.0008671875 0.0016083984375 1.318359375e-05 2.63671875e-05
0.0020361328125 0.0015849609375 1.171875e-05 2.34375e-05
0.002513671875 0.00207421875 1.171875e-05 2.34375e-05
0.0009345703125000001 0.0005595703125000001 1.171875e-05 2.34375e-05
0.0020390625 0.0022001953125 7.32421875e-06 1.46484375e-05
0.0029941406250000003 0.00191015625 1.171875e-05 2.34375e-05
0.002677734375 0.000662109375 8.789062500000001e-06 1.7578125000000002e-05
0.0019599609375 0.0026953125000000002 1.025390625e-05 2.05078125e-05
0.0016669921875 0.0026923828125 1.171875e-05 2.34375e-05
0.000205078125 0.0011572265625 1.318359375e-05 2.63671875e-05
0.0005185546875 0.001904296875 1.318359375e-05 2.63671875e-05
9.08203125e-05 0.000884765625 1.318359375e-05 2.63671875e-05
0.0023701171875 0.0014736328125000001 8.789062500000001e-06 1.7578125000000002e-05
0.0016552734375 0.000966796875 1.025390625e-05 2.05078125e-05
0.00263671875 0.0020859375 8.789062500000001e-06 1.7578125000000002e-05
0.0018632812500000001 0.0011337890625 1.025390625e-05 2.05078125e-05
0.0012275390625000001 0.0027451171875 1.46484375e-05 2.9296875e-05
0.00116015625 0.0026923828125 7.32421875e-06 1.46484375e-05
0.00230859375 0.0007705078125 1.025390625e-05 2.05078125e-05
0.0018837890625 0.00202734375 1.025390625e-05 2.05078125e-05
0.002701171875 0.0007763671875 1.025390625e-05 2.05078125e-05
0.001048828125 0.0004541015625 1.025390625e-05 2.05078125e-05
0.0014970703125000001 0.0013154296875 1.171875e-05 2.34375e-05
0.001318359375 0.001505859375 1.46484375e-05 2.9296875e-05
0.001564453125 0.002431640625 8.789062500000001e-06 1.7578125000000002e-05
0.00099609375 0.0017578125 5.859375e-06 1.171875e-05
0.0009638671875 0.002677734375 1.318359375e-05 2.63671875e-05
0.000328125 2.9296875e-06 1.318359375e-05 2.63671875e-05
1.46484375e-05 0.0009462890625 1.171875e-05 2.34375e-05
0.0016113281250000001 0.0022734375 1.171875e-05 2.34375e-05
0.0011279296875 0.0003486328125 1.171875e-05 2.34375e-05
0.0018134765625 0.0004833984375 1.171875e-05 2.34375e-05
0.0020361328125 0.0029707031250000003 1.025390625e-05 2.05078125e-05
0.002513671875 0.0028388671875 1.318359375e-05 2.63671875e-05
8.496093750000001e-05 0.002296875 1.025390625e-05 2.05078125e-05
0.0004453125 0.0025634765625 1.025390625e-05 2.05078125e-05
0.000814453125 0.0018486328125 1.318359375e-05 2.63671875e-05
0.0020244140625 0.0012099609375 1.171875e-05 2.34375e-05
0.0006767578125000001 0.0029941406250000003 1.318359375e-05 2.63671875e-05
0.0011337890625 0.0006708984375 5.859375e-06 1.171875e-05
0.00038671875 0.0007529296875 7.32421875e-06 1.46484375e-05
0.0019833984375 0.00172265625 7.32421875e-06 1.46484375e-05
0.0006591796875 2.34375e-05 1.025390625e-05 2.05078125e-05
0.0018457031250000001 0.0003662109375 1.025390625e-05 2.05078125e-05
0.0026630859375 0.0013974609375 1.171875e-05 2.34375e-05
0.001236328125 0.001037109375 8.789062500000001e-06 1.7578125000000002e-05
0.0011982421875 0.0018544921875 5.859375e-06 1.171875e-05
0.00097265625 0.0011748046875 1.025390625e-05 2.05078125e-05
0.000298828125 0.0025400390625 7.32421875e-06 1.46484375e-05
0.0023701171875 0.0014384765625 8.789062500000001e-06 1.7578125000000002e-05
0.00155859375 0.0028095703125000002 1.025390625e-05 2.05078125e-05
0.0015673828125 0.001306640625 7.32421875e-06 1.46484375e-05
0.0025751953125 0.0012041015625 5.859375e-06 1.171875e-05
0.0024873046875 0.002337890625 1.025390625e-05 2.05078125e-05
0.0010634765625 0.0016025390625 8.789062500000001e-06 1.7578125000000002e-05
0.0019833984375 0.001177734375 7.32421875e-06 1.46484375e-05
0.0019980468750000003 0.00048046875 1.171875e-05 2.34375e-05
0.0003544921875 0.000814453125 1.025390625e-05 2.05078125e-05
0.0005507812500000001 0.0023583984375 1.318359375e-05 2.63671875e-05
0.000966796875 0.0024550781250000002 1.171875e-05 2.34375e-05
0.0028857421875 0.001775390625 1.025390625e-05 2.05078125e-05
0.0024433593750000002 0.00158203125 1.46484375e-05 2.9296875e-05
0.0015673828125 0.0019980468750000003 1.318359375e-05 2.63671875e-05
0.0029443359375 0.0012802734375 1.171875e-05 2.34375e-05
0.0024931640625 7.32421875e-05 8.789062500000001e-06 1.7578125000000002e-05
0.0001962890625 0.0013330078125 8.789062500000001e-06 1.7578125000000002e-05
0.0024873046875 0.002291015625 1.318359375e-05 2.63671875e-05
0.0025546875 0.002806640625 8.789062500000001e-06 1.7578125000000002e-05
0.0002724609375 0.000609375 1.318359375e-05 2.63671875e-05
0.00178125 0.002595703125 1.171875e-05 2.34375e-05
0.0003251953125 0.0014736328125000001 8.789062500000001e-06 1.7578125000000002e-05
0.0012509765625 0.0025224609375 1.171875e-05 2.34375e-05
0.0001494140625 0.002619140625 1.025390625e-05 2.05078125e-05
0.0016904296875 0.0008349609375 5.859375e-06 1.171875e-05
0.00230859375 0.0007236328125 1.318359375e-05 2.63671875e-05
0.0003017578125 0.001564453125 1.025390625e-05 2.05078125e-05
0.0006943359375 0.0003076171875 1.171875e-05 2.34375e-05
0.002326171875 0.001306640625 8.789062500000001e-06 1.7578125000000002e-05
9.08203125e-05 0.0024609375 1.025390625e-05 2.05078125e-05
0.001283203125 0.0015322265625 7.32421875e-06 1.46484375e-05
0.0012978515625 0.00052734375 1.025390625e-05 2.05078125e-05
0.001787109375 0.000697265625 1.171875e-05 2.34375e-05
0.000814453125 0.0018076171875 7.32421875e-06 1.46484375e-05
0.0002607421875 0.0009345703125000001 1.171875e-05 2.34375e-05
0.00071484375 0.0029941406250000003 5.859375e-06 1.171875e-05
0.0006884765625 0.0026513671875 8.789062500000001e-06 1.7578125000000002e-05
0.0013388671875 0.0024873046875 1.171875e-05 2.34375e-05
0.0013623046875 0.000744140625 4.3945312500000005e-06 8.789062500000001e-06
0.001283203125 0.0021474609375 1.025390625e-05 2.05078125e-05
0.002337890625 0.000896484375 8.789062500000001e-06 1.7578125000000002e-05
0.0021123046875000002 0.0028623046875 1.171875e-05 2.34375e-05
0.0009111328125 0.00027539062500000003 1.025390625e-05 2.05078125e-05
0.0017548828125 0.002630859375 1.025390625e-05 2.05078125e-05
0.00118359375 0.00130078125 5.859375e-06 1.171875e-05
0.000697265625 0.0020595703125 1.025390625e-05 2.05078125e-05
8.789062500000001e-06 0.001283203125 1.025390625e-05 2.05078125e-05
0.0027890625 0.002390625 8.789062500000001e-06 1.7578125000000002e-05
7.6171875e-05 0.00020214843750000002 1.025390625e-05 2.05078125e-05
0.00247265625 0.002630859375 1.171875e-05 2.34375e-05
0.000791015625 0.0007060546875 1.318359375e-05 2.63671875e-05
0.0005419921875 0.0029941406250000003 1.025390625e-05 2.05078125e-05
0.0011162109375 1.171875e-05 7.32421875e-06 1.46484375e-05
0.0028330078125000002 0.0025751953125 8.789062500000001e-06 1.7578125000000002e-05
0.0024667968750000002 0.0015380859375 1.025390625e-05 2.05078125e-05
0.0013916015625 0.001529296875 7.32421875e-06 1.46484375e-05
0.002859375 0.001810546875 1.171875e-05 2.34375e-05
0.0029970703125 0.0026982421875 1.171875e-05 2.34375e-05
0.00207421875 0.001669921875 1.171875e-05 2.34375e-05
0.0009199218750000001 0.0007001953125 7.32421875e-06 1.46484375e-05
0.001171875 0.0006650390625 7.32421875e-06 1.46484375e-05
0.0021533203125 0.0005126953125 8.789062500000001e-06 1.7578125000000002e-05
0.002138671875 0.001341796875 8.789062500000001e-06 1.7578125000000002e-05
0.0009638671875 0.0026396484375 5.859375e-06 1.171875e-05
0.000263671875 0.0027421875000000003 1.171875e-05 2.34375e-05
0.001564453125 0.001775390625 1.171875e-05 2.34375e-05
0.0024140625 0.002009765625 1.46484375e-05 2.9296875e-05
0.00244921875 8.7890625e-05 5.859375e-06 1.171875e-05
0.00207421875 0.0016171875000000001 1.171875e-05 2.34375e-05
0.0019599609375 0.0027333984375 8.789062500000001e-06 1.7578125000000002e-05
0.0029296875 0.0027626953125 1.025390625e-05 2.05078125e-05
0.0023701171875 0.0013974609375 1.171875e-05 2.34375e-05
0.0014501953125 0.001189453125 1.025390625e-05 2.05078125e-05
0.0025986328125 0.00048046875 1.318359375e-05 2.63671875e-05
0.0009199218750000001 0.00073828125 1.171875e-05 2.34375e-05
8.789062500000001e-06 0.0003779296875 1.171875e-05 2.34375e-05
0.0011982421875 0.0018193359375 1.171875e-05 2.34375e-05
0.0015 5.859375e-05 8.789062500000001e-06 1.7578125000000002e-05
0.0017431640625000001 0.00202734375 1.025390625e-05 2.05078125e-05
0.0017783203125 0.0020537109375 1.171875e-05 2.34375e-05
0.0017783203125 0.0020947265625 8.789062500000001e-06 1.7578125000000002e-05
0.0003310546875 0.001916015625 1.025390625e-05 2.05078125e-05
0.0017197265625000001 0.0018515625000000001 1.025390625e-05 2.05078125e-05
0.0013359375 0.0026982421875 1.318359375e-05 2.63671875e-05
0.0003544921875 0.0007822265625 5.859375e-06 1.171875e-05
0.001529296875 0.00188671875 8.789062500000001e-06 1.7578125000000002e-05
0.000421875 0.0004951171875 1.025390625e-05 2.05078125e-05
0.0016083984375 0.0014677734375000001 8.789062500000001e-06 1.7578125000000002e-05
0.00027832031250000003 0.00214453125 1.025390625e-05 2.05078125e-05
0.0022265625000000002 0.00165234375 8.789062500000001e-06 1.7578125000000002e-05
0.00193359375 0.0027685546875 1.318359375e-05 2.63671875e-05
0.001259765625 0.0009316406250000001 5.859375e-06 1.171875e-05
0.0009375 0.0026396484375 7.32421875e-06 1.46484375e-05
0.0006591796875 0.001740234375 1.025390625e-05 2.05078125e-05
0.0018134765625 0.0004453125 7.32421875e-06 1.46484375e-05
0.0001904296875 0.0003955078125 1.171875e-05 2.34375e-05
0.000421875 0.000861328125 8.789062500000001e-06 1.7578125000000002e-05
0.001939453125 0.000849609375 8.789062500000001e-06 1.7578125000000002e-05
0.002033203125 0.0011337890625 1.025390625e-05 2.05078125e-05
0.000310546875 0.0013447265625 7.32421875e-06 1.46484375e-05
0.0011191406250000001 0.0009257812500000001 8.789062500000001e-06 1.7578125000000002e-05
0.0024667968750000002 0.001259765625 5.859375e-06 1.171875e-05
0.0012421875 0.000908203125 8.789062500000001e-06 1.7578125000000002e-05
0.000767578125 0.00258984375 8.789062500000001e-06 1.7578125000000002e-05
0.0025546875 0.00158203125 8.789062500000001e-06 1.7578125000000002e-05
0.002654296875 0.0010927734375 7.32421875e-06 1.46484375e-05
0.00216796875 0.00027539062500000003 8.789062500000001e-06 1.7578125000000002e-05
0.00057421875 0.0011806640625 1.025390625e-05 2.05078125e-05
0.002197265625 0.0021298828125 7.32421875e-06 1.46484375e-05
0.0026484375 0.00090234375 1.171875e-05 2.34375e-05
0.0021650390625 0.000333984375 4.3945312500000005e-06 8.789062500000001e-06
0.0009404296875 0.0027919921875 8.789062500000001e-06 1.7578125000000002e-05
0.0025166015625 0.002912109375 1.025390625e-05 2.05078125e-05
0.0025224609375 0.0022646484375 8.789062500000001e-06 1.7578125000000002e-05
0.00253125 0.0011279296875 7.32421875e-06 1.46484375e-05
0.0001201171875 0.0022734375 1.025390625e-05 2.05078125e-05
0.0002607421875 0.000978515625 1.025390625e-05 2.05078125e-05
0.0005507812500000001 0.00013769531250000001 1.025390625e-05 2.05078125e-05
0.0003544921875 0.00085546875 1.025390625e-05 2.05078125e-05
0.00263671875 0.0021181640625 7.32421875e-06 1.46484375e-05
0.0007705078125 0.0019189453125 8.789062500000001e-06 1.7578125000000002e-05
0.0023876953125 0.002080078125 1.025390625e-05 2.05078125e-05
0.000662109375 0.0021884765625 7.32421875e-06 1.46484375e-05
0.0028359375 0.00193359375 8.789062500000001e-06 1.7578125000000002e-05
0.0020595703125 0.000310546875 1.025390625e-05 2.05078125e-05
0.0015322265625 0.0020126953125 5.859375e-06 1.171875e-05
0.0009257812500000001 0.0004716796875 7.32421875e-06 1.46484375e-05
0.0016611328125 0.002384765625 7.32421875e-06 1.46484375e-05
0.0028681640625000003 0.0025078125 1.025390625e-05 2.05078125e-05
0.001646484375 0.0022470703125 1.025390625e-05 2.05078125e-05
0.000421875 0.00069140625 1.171875e-05 2.34375e-05
0.0006181640625 0.0025517578125 5.859375e-06 1.171875e-05
0.0002080078125 0.002619140625 1.025390625e-05 2.05078125e-05
0.00140625 0.0006943359375 7.32421875e-06 1.46484375e-05
0.0029091796875 0.0007763671875 8.789062500000001e-06 1.7578125000000002e-05
0.0020654296875 0.00202734375 1.025390625e-05 2.05078125e-05
0.0008642578125 0.0011396484375 8.789062500000001e-06 1.7578125000000002e-05
0.000896484375 0.000826171875 8.789062500000001e-06 1.7578125000000002e-05
0.0014619140625 0.0021708984375 1.171875e-05 2.34375e-05
0.0015996093750000001 0.0024169921875 1.025390625e-05 2.05078125e-05
0.002091796875 0.0020625 1.171875e-05 2.34375e-05
0.0022880859375 0.0003251953125 5.859375e-06 1.171875e-05
0.0012744140625 0.000240234375 1.025390625e-05 2.05078125e-05
0.001728515625 0.002666015625 1.171875e-05 2.34375e-05
0.0028564453125000003 0.00226171875 1.025390625e-05 2.05078125e-05
0.002712890625 0.0002724609375 1.025390625e-05 2.05078125e-05
0.001376953125 0.0026982421875 7.32421875e-06 1.46484375e-05
0.002583984375 0.0021650390625 1.025390625e-05 2.05078125e-05
0.0015205078125 0.001775390625 1.025390625e-05 2.05078125e-05
0.0021533203125 0.0021298828125 1.46484375e-05 2.9296875e-05
6.4453125e-05 0.0005302734375 7.32421875e-06 1.46484375e-05
0.0017548828125 0.0010634765625 8.789062500000001e-06 1.7578125000000002e-05
0.000533203125 0.001517578125 8.789062500000001e-06 1.7578125000000002e-05
0.0006474609375 0.0021298828125 8.789062500000001e-06 1.7578125000000002e-05
0.001494140625 0.0024228515625 1.025390625e-05 2.05078125e-05
0.000193359375 0.000896484375 8.789062500000001e-06 1.7578125000000002e-05
0.0014091796875 0.0016376953125 2.9296875e-06 5.859375e-06
0.000205078125 0.001083984375 8.789062500000001e-06 1.7578125000000002e-05
0.0022998046875 0.0011279296875 8.789062500000001e-06 1.7578125000000002e-05
0.0008935546875 0.0007734375 1.025390625e-05 2.05078125e-05
0.002794921875 0.0011689453125 7.32421875e-06 1.46484375e-05
0.0011191406250000001 0.002384765625 5.859375e-06 1.171875e-05
0.0001142578125 0.00277734375 1.025390625e-05 2.05078125e-05
0.0021005859375000002 0.0021298828125 1.171875e-05 2.34375e-05
0.000533203125 0.0011806640625 7.32421875e-06 1.46484375e-05
0.0012158203125 0.00130078125 1.025390625e-05 2.05078125e-05
0.0024873046875 0.00139453125 1.025390625e-05 2.05078125e-05
0.0026015625 0.002642578125 8.789062500000001e-06 1.7578125000000002e-05
0.0001787109375 0.00162890625 1.025390625e-05 2.05078125e-05
5.56640625e-05 0.0015029296875 5.859375e-06 1.171875e-05
0.0014912109375000001 0.000181640625 1.025390625e-05 2.05078125e-05
